2.6,   2570,    258,      0,   4295,   2245,   9153,   8631,   7398,  21796,  25989,  19897,      1,   2827,
2.6,   2570,    258,      0,   2672,   2245,   8387,   8628,   7398,  21796,  25989,  19897,      7,   2827,
2.6,   2570,    258,      0,   2663,   2245,   8382,   8629,   7398,  21796,  25989,  19897,      8,   2827,
2.6,   2570,    258,      0,   2663,   2243,   8383,   8633,   7398,  21796,  25989,  19897,      9,   2827,
2.6,   2570,    258,      0,   2645,   2243,   8375,   8634,   7398,  21796,  25989,  19897,     10,   2827,
2.6,   2570,    258,      0,   2645,   2243,   8375,   8633,   7398,  21796,  25989,  19897,     11,   2827,
2.6,   2570,    258,      0,   2653,   2241,   8378,   8638,   7398,  21796,  25989,  19897,     12,   2827,
2.6,   2570,    258,      0,   2653,   2241,   8376,   8639,   7398,  21796,  25989,  19897,     13,   2827,
2.6,   2570,    258,      0,   2645,   2238,   8375,   8642,   7398,  21796,  25989,  19897,     14,   2827,
2.6,   2570,    258,      0,   2645,   2238,   8372,   8643,   7398,  21796,  25989,  19897,     15,   2827,
2.6,   2570,    258,      0,   2645,   2236,   8373,   8645,   7398,  21796,  25989,  19897,     16,   2827,
2.6,   2570,    258,      0,   2653,   2236,   8376,   8646,   7398,  21796,  25989,  19897,     17,   2827,
2.6,   2570,    258,      0,   2636,   2236,   8369,   8647,   7398,  21796,  25989,  19897,     18,   2827,
2.6,   2570,    258,      0,   2645,   2234,   8373,   8651,   7398,  21796,  25989,  19897,     19,   2827,
2.6,   2570,    258,      0,   2636,   2234,   8370,   8649,   7398,  21796,  25989,  19897,     20,   2827,
2.6,   2570,    258,      0,   2636,   2234,   8371,   8649,   7398,  21796,  25989,  19897,     21,   2827,
2.6,   2570,    258,      0,   2645,   2232,   8373,   8654,   7398,  21796,  25989,  19897,     22,   2827,
2.6,   2570,    258,      0,   2645,   2232,   8372,   8654,   7398,  21796,  25989,  19897,     23,   2827,
2.6,   2570,    258,      0,   2645,   2230,   8373,   8659,   7398,  21796,  25989,  19897,     24,   2827,
2.6,   2570,    258,      0,   2645,   2230,   8373,   8658,   7398,  21796,  25989,  19897,     25,   2827,
2.6,   2570,    258,      0,   2653,   2230,   8379,   8658,   7398,  21796,  25989,  19897,     26,   2827,
2.6,   2570,    258,      0,   2653,   2228,   8378,   8660,   7398,  21796,  25989,  19897,     27,   2827,
2.6,   2570,    258,      0,   2653,   2228,   8376,   8663,   7398,  21796,  25989,  19897,     28,   2827,
2.6,   2570,    258,      0,   2645,   2228,   8375,   8661,   7398,  21796,  25989,  19897,     29,   2827,
2.6,   2570,    258,      0,   2645,   2226,   8375,   8664,   7398,  21796,  25989,  19897,     30,   2827,
2.6,   2570,    258,      0,   2653,   2226,   8377,   8666,   7398,  21796,  25989,  19897,     31,   2827,
2.6,   2570,    258,      0,   2663,   2222,   8380,   8674,   7398,  21796,  25989,  19897,     32,   2827,
61.3,   2570,    258,      0,   5925,   2528,  10025,   8091,   7398,  21860,  25989,  19961,      1,   2827,
61.3,   2570,    258,      0,   6384,   2530,  10295,   8087,   7398,  21860,  25989,  19961,      7,   2827,
61.3,   2570,    258,      0,   6371,   2528,  10284,   8089,   7398,  21860,  25989,  19961,      8,   2827,
61.3,   2570,    258,      0,   6351,   2528,  10275,   8088,   7398,  21860,  25989,  19961,      9,   2827,
61.3,   2570,    258,      0,   6344,   2530,  10269,   8086,   7398,  21860,  25989,  19961,     10,   2827,
61.3,   2570,    258,      0,   6336,   2531,  10266,   8081,   7398,  21860,  25989,  19961,     11,   2827,
61.3,   2570,    258,      0,   6336,   2534,  10265,   8078,   7398,  21860,  25989,  19961,     12,   2827,
61.3,   2570,    258,      0,   6330,   2531,  10262,   8080,   7398,  21860,  25989,  19961,     13,   2827,
61.3,   2570,    258,      0,   6323,   2534,  10256,   8076,   7398,  21860,  25989,  19961,     14,   2827,
61.3,   2570,    258,      0,   6311,   2536,  10249,   8074,   7398,  21860,  25989,  19961,     15,   2827,
61.3,   2570,    258,      0,   6296,   2536,  10242,   8075,   7398,  21860,  25989,  19961,     16,   2827,
61.3,   2570,    258,      0,   6296,   2534,  10240,   8076,   7398,  21860,  25989,  19961,     17,   2827,
61.3,   2570,    258,      0,   6290,   2538,  10237,   8068,   7398,  21860,  25989,  19961,     18,   2827,
61.3,   2570,    258,      0,   6302,   2542,  10244,   8063,   7398,  21860,  25989,  19961,     19,   2827,
61.3,   2570,    258,      0,   6283,   2542,  10234,   8063,   7398,  21860,  25989,  19961,     20,   2827,
61.3,   2570,    258,      0,   6283,   2542,  10235,   8060,   7398,  21860,  25989,  19961,     21,   2827,
61.3,   2570,    258,      0,   6296,   2547,  10242,   8054,   7398,  21860,  25989,  19961,     22,   2827,
61.3,   2570,    258,      0,   6302,   2549,  10246,   8050,   7398,  21860,  25989,  19961,     23,   2827,
61.3,   2570,    258,      0,   6290,   2551,  10236,   8046,   7398,  21860,  25989,  19961,     24,   2827,
61.3,   2570,    258,      0,   6290,   2553,  10238,   8041,   7398,  21860,  25989,  19961,     25,   2827,
61.3,   2570,    258,      0,   6290,   2556,  10238,   8037,   7398,  21860,  25989,  19961,     26,   2827,
61.3,   2570,    258,      0,   6290,   2557,  10239,   8034,   7398,  21860,  25989,  19961,     27,   2827,
61.3,   2570,    258,      0,   6290,   2561,  10238,   8026,   7398,  21860,  25989,  19961,     28,   2827,
61.3,   2570,    258,      0,   6290,   2563,  10239,   8023,   7398,  21860,  25989,  19961,     29,   2827,
61.3,   2570,    258,      0,   6269,   2563,  10226,   8020,   7398,  21860,  25989,  19961,     30,   2827,
61.3,   2570,    258,      0,   6249,   2568,  10214,   8015,   7398,  21860,  25989,  19961,     31,   2827,
61.3,   2570,    258,      0,   6249,   2572,  10214,   8006,   7398,  21860,  25989,  19961,     32,   2827,
34.8,   2570,    258,      0,   5047,   2477,   9541,   8187,   7398,  21796,  25989,  19961,      1,   2827,
34.8,   2570,    258,      0,   4565,   2472,   9291,   8193,   7398,  21796,  25989,  19961,     11,   2827,
34.8,   2570,    258,      0,   4565,   2472,   9289,   8193,   7398,  21796,  25989,  19961,     12,   2827,
34.8,   2570,    258,      0,   4556,   2475,   9284,   8190,   7398,  21796,  25989,  19961,     13,   2827,
34.8,   2570,    258,      0,   4556,   2475,   9285,   8190,   7398,  21796,  25989,  19961,     14,   2827,
34.8,   2570,    258,      0,   4548,   2475,   9283,   8189,   7398,  21796,  25989,  19961,     15,   2827,
34.8,   2570,    258,      0,   4548,   2475,   9283,   8188,   7398,  21796,  25989,  19961,     16,   2827,
34.8,   2570,    258,      0,   4541,   2477,   9279,   8185,   7398,  21796,  25989,  19961,     17,   2827,
34.8,   2570,    258,      0,   4541,   2477,   9276,   8185,   7398,  21796,  25989,  19961,     18,   2827,
34.8,   2570,    258,      0,   4532,   2478,   9275,   8181,   7398,  21796,  25989,  19961,     19,   2827,
34.8,   2570,    258,      0,   4525,   2481,   9269,   8177,   7398,  21796,  25989,  19961,     20,   2827,
34.8,   2570,    258,      0,   4517,   2481,   9264,   8178,   7398,  21796,  25989,  19961,     21,   2827,
34.8,   2570,    258,      0,   4517,   2481,   9264,   8178,   7398,  21796,  25989,  19961,     22,   2827,
34.8,   2570,    258,      0,   4509,   2484,   9263,   8175,   7398,  21796,  25989,  19961,     23,   2827,
34.8,   2570,    258,      0,   4509,   2484,   9260,   8172,   7398,  21796,  25989,  19961,     24,   2827,
34.8,   2570,    258,      0,   4501,   2485,   9257,   8171,   7398,  21796,  25989,  19961,     25,   2827,
34.8,   2570,    258,      0,   4501,   2485,   9256,   8169,   7398,  21796,  25989,  19961,     26,   2827,
34.8,   2570,    258,      0,   4494,   2484,   9253,   8172,   7398,  21796,  25989,  19961,     27,   2827,
34.8,   2570,    258,      0,   4494,   2487,   9253,   8167,   7398,  21796,  25989,  19961,     28,   2827,
34.8,   2570,    258,      0,   4485,   2487,   9249,   8164,   7398,  21796,  25989,  19961,     29,   2827,
34.8,   2570,    258,      0,   4485,   2489,   9250,   8162,   7398,  21796,  25989,  19961,     30,   2827,
34.8,   2570,    258,      0,   4478,   2489,   9246,   8161,   7398,  21796,  25989,  19961,     31,   2827,
34.8,   2570,    258,      0,   4478,   2492,   9246,   8157,   7398,  21796,  25989,  19961,     32,   2827,
34.8,   2570,    258,      0,   4478,   2492,   9245,   8159,   7398,  21796,  25989,  19961,     33,   2827,
34.8,   2570,    258,      0,   4469,   2494,   9242,   8155,   7398,  21796,  25989,  19961,     34,   2827,
34.8,   2570,    258,      0,   4478,   2494,   9244,   8153,   7398,  21796,  25989,  19961,     35,   2827,
34.8,   2570,    258,      0,   4478,   2494,   9246,   8152,   7398,  21796,  25989,  19961,     36,   2827,
34.8,   2570,    258,      0,   4478,   2495,   9247,   8149,   7398,  21796,  25989,  19961,     37,   2827,
