71.8,   2570,    258,      0,   4611,   2276,   9315,   8571,  36046,  10291,  47706,   4176,      1,   2827,
71.8,   2570,    258,      0,   7751,   2298,  11161,   8526,  36046,  10291,  47706,   4176,     10,   2827,
71.8,   2570,    258,      0,   7728,   2301,  11144,   8522,  36046,  10291,  47706,   4176,     11,   2827,
71.8,   2570,    258,      0,   7722,   2305,  11140,   8515,  36046,  10291,  47706,   4176,     12,   2827,
71.8,   2570,    258,      0,   7716,   2307,  11137,   8510,  36046,  10291,  47706,   4176,     13,   2827,
71.8,   2570,    258,      0,   7722,   2308,  11142,   8504,  36046,  10291,  47706,   4176,     14,   2827,
71.8,   2570,    258,      0,   7746,   2315,  11159,   8492,  36046,  10291,  47706,   4176,     15,   2827,
71.8,   2570,    258,      0,   7728,   2320,  11147,   8485,  36046,  10291,  47706,   4176,     16,   2827,
71.8,   2570,    258,      0,   7716,   2322,  11137,   8480,  36046,  10291,  47706,   4176,     17,   2827,
71.8,   2570,    258,      0,   7733,   2325,  11149,   8474,  36046,  10291,  47706,   4176,     18,   2827,
71.8,   2570,    258,      0,   7733,   2330,  11151,   8465,  36046,  10291,  47706,   4176,     19,   2827,
71.8,   2570,    258,      0,   7704,   2332,  11131,   8461,  36046,  10291,  47706,   4176,     20,   2827,
71.8,   2570,    258,      0,   7681,   2336,  11113,   8455,  36046,  10291,  47706,   4176,     21,   2827,
71.8,   2570,    258,      0,   7674,   2338,  11108,   8449,  36046,  10291,  47706,   4176,     22,   2827,
71.8,   2570,    258,      0,   7686,   2344,  11119,   8437,  36046,  10291,  47706,   4176,     23,   2827,
71.8,   2570,    258,      0,   7681,   2349,  11113,   8430,  36046,  10291,  47706,   4176,     24,   2827,
71.8,   2570,    258,      0,   7692,   2352,  11122,   8423,  36046,  10291,  47706,   4176,     25,   2827,
71.8,   2570,    258,      0,   7692,   2356,  11122,   8416,  36046,  10291,  47706,   4176,     26,   2827,
71.8,   2570,    258,      0,   7674,   2359,  11109,   8408,  36046,  10291,  47706,   4176,     27,   2827,
71.8,   2570,    258,      0,   7656,   2361,  11099,   8407,  36046,  10291,  47706,   4176,     28,   2827,
71.8,   2570,    258,      0,   7656,   2366,  11097,   8397,  36046,  10291,  47706,   4176,     29,   2827,
71.8,   2570,    258,      0,   7656,   2369,  11098,   8388,  36046,  10291,  47706,   4176,     30,   2827,
71.8,   2570,    258,      0,   7638,   2374,  11086,   8381,  36046,  10291,  47706,   4176,     31,   2827,
71.8,   2570,    258,      0,   7627,   2378,  11078,   8372,  36046,  10291,  47706,   4176,     32,   2827,
71.8,   2570,    258,      0,   7615,   2379,  11071,   8370,  36046,  10291,  47706,   4176,     33,   2827,
71.8,   2570,    258,      0,   7608,   2384,  11066,   8360,  36046,  10291,  47706,   4176,     34,   2827,
71.8,   2570,    258,      0,   7627,   2388,  11077,   8353,  36046,  10291,  47706,   4176,     35,   2827,
