71.3,   2570,    258,      0,   2610,   2249,   8358,   8623,  14724,  61413,  44394,  32916,      1,   2827,
71.3,   2570,    258,      0,   6153,   2268,  10159,   8586,  14724,  61413,  44394,  32916,     10,   2827,
71.3,   2570,    258,      0,   6161,   2272,  10160,   8576,  14724,  61413,  44394,  32916,     11,   2827,
71.3,   2570,    258,      0,   6161,   2276,  10162,   8569,  14724,  61413,  44394,  32916,     12,   2827,
71.3,   2570,    258,      0,   6161,   2278,  10162,   8564,  14724,  61413,  44394,  32916,     13,   2827,
71.3,   2570,    258,      0,   6188,   2281,  10176,   8557,  14724,  61413,  44394,  32916,     14,   2827,
71.3,   2570,    258,      0,   6161,   2285,  10162,   8552,  14724,  61413,  44394,  32916,     15,   2827,
71.3,   2570,    258,      0,   6161,   2290,  10163,   8542,  14724,  61413,  44394,  32916,     16,   2827,
71.3,   2570,    258,      0,   6161,   2293,  10161,   8536,  14724,  61413,  44394,  32916,     17,   2827,
71.3,   2570,    258,      0,   6174,   2298,  10168,   8527,  14724,  61413,  44394,  32916,     18,   2827,
71.3,   2570,    258,      0,   6195,   2301,  10180,   8521,  14724,  61413,  44394,  32916,     19,   2827,
71.3,   2570,    258,      0,   6181,   2305,  10174,   8514,  14724,  61413,  44394,  32916,     20,   2827,
71.3,   2570,    258,      0,   6188,   2308,  10176,   8504,  14724,  61413,  44394,  32916,     21,   2827,
71.3,   2570,    258,      0,   6167,   2314,  10165,   8498,  14724,  61413,  44394,  32916,     22,   2827,
71.3,   2570,    258,      0,   6141,   2317,  10151,   8489,  14724,  61413,  44394,  32916,     23,   2827,
71.3,   2570,    258,      0,   6112,   2320,  10132,   8486,  14724,  61413,  44394,  32916,     24,   2827,
71.3,   2570,    258,      0,   6098,   2324,  10127,   8476,  14724,  61413,  44394,  32916,     25,   2827,
71.3,   2570,    258,      0,   6098,   2329,  10125,   8468,  14724,  61413,  44394,  32916,     26,   2827,
71.3,   2570,    258,      0,   6112,   2330,  10132,   8464,  14724,  61413,  44394,  32916,     27,   2827,
71.3,   2570,    258,      0,   6118,   2336,  10138,   8453,  14724,  61413,  44394,  32916,     28,   2827,
71.3,   2570,    258,      0,   6112,   2340,  10132,   8446,  14724,  61413,  44394,  32916,     29,   2827,
71.3,   2570,    258,      0,   6112,   2344,  10134,   8436,  14724,  61413,  44394,  32916,     30,   2827,
71.3,   2570,    258,      0,   6098,   2347,  10127,   8433,  14724,  61413,  44394,  32916,     31,   2827,
71.3,   2570,    258,      0,   6098,   2352,  10127,   8421,  14724,  61413,  44394,  32916,     32,   2827,
71.3,   2570,    258,      0,   6091,   2357,  10122,   8415,  14724,  61413,  44394,  32916,     33,   2827,
71.3,   2570,    258,      0,   6057,   2359,  10100,   8408,  14724,  61413,  44394,  32916,     34,   2827,
71.3,   2570,    258,      0,   6030,   2361,  10084,   8407,  14724,  61413,  44394,  32916,     35,   2827,
2.8,   2570,    258,      0,   2391,   2272,   8261,   8579,  31108,  61413,  43498,  49300,      1,   2827,
2.8,   2570,    258,      0,    990,   2261,   7674,   8598,  31108,  61413,  43498,  49300,      8,   2827,
2.8,   2570,    258,      0,    981,   2260,   7670,   8603,  31108,  61413,  43498,  49300,      9,   2827,
2.8,   2570,    258,      0,    981,   2253,   7670,   8613,  31108,  61413,  43498,  49300,     10,   2827,
2.8,   2570,    258,      0,    981,   2253,   7671,   8613,  31108,  61413,  43498,  49300,     11,   2827,
2.8,   2570,    258,      0,    990,   2251,   7674,   8616,  31108,  61413,  43498,  49300,     12,   2827,
2.8,   2570,    258,      0,    999,   2249,   7678,   8620,  31108,  61413,  43498,  49300,     13,   2827,
2.8,   2570,    258,      0,    999,   2245,   7677,   8628,  31108,  61413,  43498,  49300,     14,   2827,
2.8,   2570,    258,      0,    999,   2245,   7679,   8629,  31108,  61413,  43498,  49300,     15,   2827,
2.8,   2570,    258,      0,    999,   2243,   7679,   8633,  31108,  61413,  43498,  49300,     16,   2827,
2.8,   2570,    258,      0,   1010,   2241,   7681,   8638,  31108,  61413,  43498,  49300,     17,   2827,
2.8,   2570,    258,      0,   1019,   2241,   7684,   8637,  31108,  61413,  43498,  49300,     18,   2827,
2.8,   2570,    258,      0,    999,   2236,   7677,   8644,  31108,  61413,  43498,  49300,     19,   2827,
2.8,   2570,    258,      0,   1010,   2234,   7682,   8649,  31108,  61413,  43498,  49300,     20,   2827,
2.8,   2570,    258,      0,   1010,   2234,   7681,   8650,  31108,  61413,  43498,  49300,     21,   2827,
2.8,   2570,    258,      0,   1010,   2232,   7681,   8654,  31108,  61413,  43498,  49300,     22,   2827,
2.8,   2570,    258,      0,   1010,   2228,   7683,   8660,  31108,  61413,  43498,  49300,     23,   2827,
2.8,   2570,    258,      0,   1019,   2226,   7684,   8666,  31108,  61413,  43498,  49300,     24,   2827,
2.8,   2570,    258,      0,   1030,   2226,   7689,   8664,  31108,  61413,  43498,  49300,     25,   2827,
2.8,   2570,    258,      0,   1030,   2224,   7690,   8671,  31108,  61413,  43498,  49300,     26,   2827,
2.8,   2570,    258,      0,   1030,   2222,   7689,   8674,  31108,  61413,  43498,  49300,     27,   2827,
2.8,   2570,    258,      0,   1040,   2220,   7692,   8678,  31108,  61413,  43498,  49300,     28,   2827,
2.8,   2570,    258,      0,   1030,   2218,   7691,   8682,  31108,  61413,  43498,  49300,     29,   2827,
2.8,   2570,    258,      0,   1030,   2216,   7690,   8684,  31108,  61413,  43498,  49300,     30,   2827,
2.8,   2570,    258,      0,   1040,   2212,   7693,   8692,  31108,  61413,  43498,  49300,     31,   2827,
2.8,   2570,    258,      0,   1040,   2212,   7693,   8694,  31108,  61413,  43498,  49300,     32,   2827,
2.8,   2570,    258,      0,   1040,   2210,   7695,   8697,  31108,  61413,  43498,  49300,     33,   2827,
35,   2570,    258,      0,   2573,   2236,   8343,   8647,  31108,  61413,  44362,  49300,      1,   2827,
35,   2570,    258,      0,   3355,   2243,   8699,   8633,  31108,  61413,  44362,  49300,     11,   2827,
35,   2570,    258,      0,   3362,   2245,   8703,   8631,  31108,  61413,  44362,  49300,     12,   2827,
35,   2570,    258,      0,   3371,   2245,   8705,   8630,  31108,  61413,  44362,  49300,     13,   2827,
35,   2570,    258,      0,   3371,   2245,   8704,   8628,  31108,  61413,  44362,  49300,     14,   2827,
35,   2570,    258,      0,   3371,   2245,   8706,   8628,  31108,  61413,  44362,  49300,     15,   2827,
35,   2570,    258,      0,   3362,   2247,   8701,   8626,  31108,  61413,  44362,  49300,     16,   2827,
35,   2570,    258,      0,   3345,   2247,   8695,   8625,  31108,  61413,  44362,  49300,     17,   2827,
35,   2570,    258,      0,   3345,   2249,   8695,   8623,  31108,  61413,  44362,  49300,     18,   2827,
35,   2570,    258,      0,   3337,   2249,   8691,   8622,  31108,  61413,  44362,  49300,     19,   2827,
35,   2570,    258,      0,   3329,   2249,   8686,   8621,  31108,  61413,  44362,  49300,     20,   2827,
35,   2570,    258,      0,   3329,   2249,   8685,   8623,  31108,  61413,  44362,  49300,     21,   2827,
35,   2570,    258,      0,   3337,   2251,   8688,   8616,  31108,  61413,  44362,  49300,     22,   2827,
35,   2570,    258,      0,   3337,   2253,   8691,   8614,  31108,  61413,  44362,  49300,     23,   2827,
35,   2570,    258,      0,   3337,   2253,   8688,   8613,  31108,  61413,  44362,  49300,     24,   2827,
35,   2570,    258,      0,   3329,   2253,   8687,   8614,  31108,  61413,  44362,  49300,     25,   2827,
35,   2570,    258,      0,   3329,   2253,   8684,   8613,  31108,  61413,  44362,  49300,     26,   2827,
35,   2570,    258,      0,   3345,   2254,   8692,   8609,  31108,  61413,  44362,  49300,     27,   2827,
35,   2570,    258,      0,   3345,   2254,   8695,   8608,  31108,  61413,  44362,  49300,     28,   2827,
35,   2570,    258,      0,   3345,   2257,   8695,   8606,  31108,  61413,  44362,  49300,     29,   2827,
35,   2570,    258,      0,   3355,   2260,   8696,   8603,  31108,  61413,  44362,  49300,     30,   2827,
35,   2570,    258,      0,   3345,   2257,   8693,   8604,  31108,  61413,  44362,  49300,     31,   2827,
35,   2570,    258,      0,   3337,   2261,   8690,   8598,  31108,  61413,  44362,  49300,     32,   2827,
35,   2570,    258,      0,   3320,   2260,   8683,   8600,  31108,  61413,  44362,  49300,     33,   2827,
35,   2570,    258,      0,   3320,   2263,   8683,   8594,  31108,  61413,  44362,  49300,     34,   2827,
35,   2570,    258,      0,   3312,   2263,   8679,   8594,  31108,  61413,  44362,  49300,     35,   2827,
35,   2570,    258,      0,   3312,   2261,   8677,   8596,  31108,  61413,  44362,  49300,     36,   2827,
