3.7,   2570,    258,      0,   4232,   2257,   9121,   8605,  39023,  16879,  10152,   6990,      1,   2827,
3.7,   2570,    258,      0,   3199,   2245,   8624,   8631,  39023,  16879,  10152,   6990,     15,   2827,
3.7,   2570,    258,      0,   3208,   2241,   8628,   8638,  39023,  16879,  10152,   6990,     16,   2827,
3.7,   2570,    258,      0,   3199,   2243,   8626,   8634,  39023,  16879,  10152,   6990,     17,   2827,
3.7,   2570,    258,      0,   3199,   2238,   8626,   8640,  39023,  16879,  10152,   6990,     18,   2827,
3.7,   2570,    258,      0,   3199,   2238,   8627,   8642,  39023,  16879,  10152,   6990,     19,   2827,
3.7,   2570,    258,      0,   3199,   2236,   8627,   8646,  39023,  16879,  10152,   6990,     20,   2827,
3.7,   2570,    258,      0,   3199,   2234,   8627,   8648,  39023,  16879,  10152,   6990,     21,   2827,
3.7,   2570,    258,      0,   3208,   2234,   8631,   8650,  39023,  16879,  10152,   6990,     22,   2827,
3.7,   2570,    258,      0,   3217,   2230,   8632,   8657,  39023,  16879,  10152,   6990,     23,   2827,
3.7,   2570,    258,      0,   3199,   2230,   8627,   8656,  39023,  16879,  10152,   6990,     24,   2827,
3.7,   2570,    258,      0,   3199,   2228,   8627,   8661,  39023,  16879,  10152,   6990,     25,   2827,
3.7,   2570,    258,      0,   3217,   2228,   8634,   8662,  39023,  16879,  10152,   6990,     26,   2827,
3.7,   2570,    258,      0,   3217,   2224,   8634,   8670,  39023,  16879,  10152,   6990,     27,   2827,
3.7,   2570,    258,      0,   3208,   2226,   8631,   8666,  39023,  16879,  10152,   6990,     28,   2827,
3.7,   2570,    258,      0,   3208,   2222,   8630,   8673,  39023,  16879,  10152,   6990,     29,   2827,
3.7,   2570,    258,      0,   3225,   2220,   8639,   8676,  39023,  16879,  10152,   6990,     30,   2827,
3.7,   2570,    258,      0,   3217,   2218,   8635,   8681,  39023,  16879,  10152,   6990,     31,   2827,
3.7,   2570,    258,      0,   3217,   2218,   8633,   8683,  39023,  16879,  10152,   6990,     32,   2827,
3.7,   2570,    258,      0,   3234,   2216,   8641,   8687,  39023,  16879,  10152,   6990,     33,   2827,
3.7,   2570,    258,      0,   3225,   2212,   8636,   8695,  39023,  16879,  10152,   6990,     34,   2827,
3.7,   2570,    258,      0,   3225,   2214,   8638,   8691,  39023,  16879,  10152,   6990,     35,   2827,
3.7,   2570,    258,      0,   3234,   2210,   8643,   8697,  39023,  16879,  10152,   6990,     36,   2827,
3.7,   2570,    258,      0,   3234,   2210,   8642,   8699,  39023,  16879,  10152,   6990,     37,   2827,
3.7,   2570,    258,      0,   3234,   2206,   8640,   8704,  39023,  16879,  10152,   6990,     38,   2827,
3.7,   2570,    258,      0,   3243,   2206,   8645,   8705,  39023,  16879,  10152,   6990,     39,   2827,
3.7,   2570,    258,      0,   3243,   2204,   8646,   8708,  39023,  16879,  10152,   6990,     40,   2827,
35.8,   2570,    258,      0,   4392,   2384,   9203,   8363,   6255,  16847,  10152,   6990,      1,   2827,
35.8,   2570,    258,      0,   5085,   2388,   9562,   8353,   6255,  16847,  10152,   6990,     12,   2827,
35.8,   2570,    258,      0,   5085,   2390,   9563,   8351,   6255,  16847,  10152,   6990,     13,   2827,
35.8,   2570,    258,      0,   5092,   2390,   9565,   8350,   6255,  16847,  10152,   6990,     14,   2827,
35.8,   2570,    258,      0,   5092,   2393,   9566,   8345,   6255,  16847,  10152,   6990,     15,   2827,
35.8,   2570,    258,      0,   5077,   2390,   9556,   8351,   6255,  16847,  10152,   6990,     16,   2827,
35.8,   2570,    258,      0,   5085,   2393,   9561,   8345,   6255,  16847,  10152,   6990,     17,   2827,
35.8,   2570,    258,      0,   5069,   2393,   9555,   8344,   6255,  16847,  10152,   6990,     18,   2827,
35.8,   2570,    258,      0,   5062,   2395,   9551,   8342,   6255,  16847,  10152,   6990,     19,   2827,
35.8,   2570,    258,      0,   5069,   2395,   9555,   8341,   6255,  16847,  10152,   6990,     20,   2827,
35.8,   2570,    258,      0,   5062,   2395,   9548,   8342,   6255,  16847,  10152,   6990,     21,   2827,
35.8,   2570,    258,      0,   5069,   2397,   9555,   8339,   6255,  16847,  10152,   6990,     22,   2827,
35.8,   2570,    258,      0,   5077,   2395,   9557,   8342,   6255,  16847,  10152,   6990,     23,   2827,
35.8,   2570,    258,      0,   5069,   2398,   9555,   8335,   6255,  16847,  10152,   6990,     24,   2827,
35.8,   2570,    258,      0,   5077,   2397,   9559,   8337,   6255,  16847,  10152,   6990,     25,   2827,
35.8,   2570,    258,      0,   5069,   2397,   9555,   8337,   6255,  16847,  10152,   6990,     26,   2827,
35.8,   2570,    258,      0,   5062,   2402,   9550,   8329,   6255,  16847,  10152,   6990,     27,   2827,
35.8,   2570,    258,      0,   5054,   2403,   9547,   8327,   6255,  16847,  10152,   6990,     28,   2827,
35.8,   2570,    258,      0,   5062,   2403,   9551,   8324,   6255,  16847,  10152,   6990,     29,   2827,
35.8,   2570,    258,      0,   5062,   2403,   9550,   8325,   6255,  16847,  10152,   6990,     30,   2827,
35.8,   2570,    258,      0,   5054,   2403,   9546,   8325,   6255,  16847,  10152,   6990,     31,   2827,
35.8,   2570,    258,      0,   5054,   2405,   9546,   8321,   6255,  16847,  10152,   6990,     32,   2827,
35.8,   2570,    258,      0,   5062,   2407,   9548,   8319,   6255,  16847,  10152,   6990,     33,   2827,
35.8,   2570,    258,      0,   5062,   2405,   9548,   8320,   6255,  16847,  10152,   6990,     34,   2827,
35.8,   2570,    258,      0,   5054,   2409,   9546,   8315,   6255,  16847,  10152,   6990,     35,   2827,
35.8,   2570,    258,      0,   5047,   2409,   9542,   8312,   6255,  16847,  10152,   6990,     36,   2827,
35.8,   2570,    258,      0,   5047,   2412,   9542,   8310,   6255,  16847,  10152,   6990,     37,   2827,
71.4,   2570,    258,      0,   4665,   2531,   9340,   8080,   6255,  16879,   9768,   6990,      1,   2827,
71.4,   2570,    258,      0,   7366,   2549,  10905,   8048,   6255,  16879,   9768,   6990,     12,   2827,
71.4,   2570,    258,      0,   7359,   2551,  10900,   8044,   6255,  16879,   9768,   6990,     13,   2827,
71.4,   2570,    258,      0,   7341,   2556,  10890,   8038,   6255,  16879,   9768,   6990,     14,   2827,
71.4,   2570,    258,      0,   7329,   2557,  10882,   8035,   6255,  16879,   9768,   6990,     15,   2827,
71.4,   2570,    258,      0,   7323,   2559,  10878,   8029,   6255,  16879,   9768,   6990,     16,   2827,
71.4,   2570,    258,      0,   7329,   2561,  10882,   8026,   6255,  16879,   9768,   6990,     17,   2827,
71.4,   2570,    258,      0,   7354,   2566,  10897,   8019,   6255,  16879,   9768,   6990,     18,   2827,
71.4,   2570,    258,      0,   7348,   2566,  10895,   8016,   6255,  16879,   9768,   6990,     19,   2827,
71.4,   2570,    258,      0,   7336,   2570,  10886,   8009,   6255,  16879,   9768,   6990,     20,   2827,
71.4,   2570,    258,      0,   7329,   2575,  10882,   8003,   6255,  16879,   9768,   6990,     21,   2827,
71.4,   2570,    258,      0,   7317,   2577,  10874,   7999,   6255,  16879,   9768,   6990,     22,   2827,
71.4,   2570,    258,      0,   7323,   2579,  10879,   7994,   6255,  16879,   9768,   6990,     23,   2827,
71.4,   2570,    258,      0,   7359,   2583,  10902,   7984,   6255,  16879,   9768,   6990,     24,   2827,
71.4,   2570,    258,      0,   7359,   2587,  10902,   7976,   6255,  16879,   9768,   6990,     25,   2827,
71.4,   2570,    258,      0,   7348,   2593,  10893,   7966,   6255,  16879,   9768,   6990,     26,   2827,
71.4,   2570,    258,      0,   7341,   2595,  10888,   7963,   6255,  16879,   9768,   6990,     27,   2827,
71.4,   2570,    258,      0,   7348,   2599,  10894,   7955,   6255,  16879,   9768,   6990,     28,   2827,
71.4,   2570,    258,      0,   7348,   2604,  10894,   7945,   6255,  16879,   9768,   6990,     29,   2827,
71.4,   2570,    258,      0,   7329,   2606,  10881,   7942,   6255,  16879,   9768,   6990,     30,   2827,
71.4,   2570,    258,      0,   7317,   2612,  10874,   7931,   6255,  16879,   9768,   6990,     31,   2827,
71.4,   2570,    258,      0,   7305,   2614,  10867,   7926,   6255,  16879,   9768,   6990,     32,   2827,
71.4,   2570,    258,      0,   7299,   2618,  10860,   7919,   6255,  16879,   9768,   6990,     33,   2827,
71.4,   2570,    258,      0,   7286,   2621,  10854,   7915,   6255,  16879,   9768,   6990,     34,   2827,
71.4,   2570,    258,      0,   7281,   2625,  10848,   7905,   6255,  16879,   9768,   6990,     35,   2827,
71.4,   2570,    258,      0,   7281,   2630,  10848,   7898,   6255,  16879,   9768,   6990,     36,   2827,
71.4,   2570,    258,      0,   7281,   2632,  10848,   7892,   6255,  16879,   9768,   6990,     37,   2827,
