69.6,   2570,    258,      0,   3541,   2288,   8786,   8547,   2870,  11521,   9884,  59778,      1,   2827,
69.6,   2570,    258,      0,   6695,   2314,  10480,   8498,   2870,  11521,   9884,  59778,     13,   2827,
69.6,   2570,    258,      0,   6676,   2317,  10470,   8490,   2870,  11521,   9884,  59778,     14,   2827,
69.6,   2570,    258,      0,   6676,   2322,  10468,   8483,   2870,  11521,   9884,  59778,     15,   2827,
69.6,   2570,    258,      0,   6649,   2324,  10454,   8479,   2870,  11521,   9884,  59778,     16,   2827,
69.6,   2570,    258,      0,   6637,   2325,  10445,   8472,   2870,  11521,   9884,  59778,     17,   2827,
69.6,   2570,    258,      0,   6629,   2330,  10440,   8467,   2870,  11521,   9884,  59778,     18,   2827,
69.6,   2570,    258,      0,   6617,   2332,  10433,   8461,   2870,  11521,   9884,  59778,     19,   2827,
69.6,   2570,    258,      0,   6610,   2336,  10430,   8453,   2870,  11521,   9884,  59778,     20,   2827,
69.6,   2570,    258,      0,   6610,   2340,  10429,   8447,   2870,  11521,   9884,  59778,     21,   2827,
69.6,   2570,    258,      0,   6604,   2343,  10425,   8442,   2870,  11521,   9884,  59778,     22,   2827,
69.6,   2570,    258,      0,   6596,   2347,  10422,   8434,   2870,  11521,   9884,  59778,     23,   2827,
69.6,   2570,    258,      0,   6604,   2349,  10424,   8428,   2870,  11521,   9884,  59778,     24,   2827,
69.6,   2570,    258,      0,   6596,   2352,  10422,   8423,   2870,  11521,   9884,  59778,     25,   2827,
69.6,   2570,    258,      0,   6596,   2357,  10421,   8413,   2870,  11521,   9884,  59778,     26,   2827,
69.6,   2570,    258,      0,   6596,   2361,  10421,   8404,   2870,  11521,   9884,  59778,     27,   2827,
69.6,   2570,    258,      0,   6584,   2363,  10415,   8400,   2870,  11521,   9884,  59778,     28,   2827,
69.6,   2570,    258,      0,   6577,   2368,  10410,   8394,   2870,  11521,   9884,  59778,     29,   2827,
69.6,   2570,    258,      0,   6557,   2369,  10398,   8389,   2870,  11521,   9884,  59778,     30,   2827,
69.6,   2570,    258,      0,   6551,   2374,  10392,   8380,   2870,  11521,   9884,  59778,     31,   2827,
69.6,   2570,    258,      0,   6544,   2377,  10390,   8377,   2870,  11521,   9884,  59778,     32,   2827,
69.6,   2570,    258,      0,   6551,   2379,  10394,   8370,   2870,  11521,   9884,  59778,     33,   2827,
69.6,   2570,    258,      0,   6584,   2384,  10414,   8360,   2870,  11521,   9884,  59778,     34,   2827,
69.6,   2570,    258,      0,   6637,   2390,  10447,   8349,   2870,  11521,   9884,  59778,     35,   2827,
69.6,   2570,    258,      0,   6670,   2397,  10466,   8338,   2870,  11521,   9884,  59778,     36,   2827,
69.6,   2570,    258,      0,   6670,   2402,  10465,   8328,   2870,  11521,   9884,  59778,     37,   2827,
69.6,   2570,    258,      0,   6637,   2405,  10444,   8321,   2870,  11521,   9884,  59778,     38,   2827,
2.8,   2570,    258,      0,   3406,   2251,   8721,   8617,  35382,   3841,   9884,  59778,      1,   2827,
2.8,   2570,    258,      0,   2097,   2238,   8132,   8640,  35382,   3841,   9884,  59778,     10,   2827,
2.8,   2570,    258,      0,   2097,   2238,   8132,   8643,  35382,   3841,   9884,  59778,     11,   2827,
2.8,   2570,    258,      0,   2088,   2236,   8130,   8647,  35382,   3841,   9884,  59778,     12,   2827,
2.8,   2570,    258,      0,   2106,   2234,   8136,   8651,  35382,   3841,   9884,  59778,     13,   2827,
2.8,   2570,    258,      0,   2088,   2230,   8131,   8658,  35382,   3841,   9884,  59778,     14,   2827,
2.8,   2570,    258,      0,   2088,   2230,   8130,   8659,  35382,   3841,   9884,  59778,     15,   2827,
2.8,   2570,    258,      0,   2097,   2226,   8133,   8665,  35382,   3841,   9884,  59778,     16,   2827,
2.8,   2570,    258,      0,   2097,   2224,   8133,   8668,  35382,   3841,   9884,  59778,     17,   2827,
2.8,   2570,    258,      0,   2106,   2222,   8136,   8672,  35382,   3841,   9884,  59778,     18,   2827,
2.8,   2570,    258,      0,   2106,   2222,   8138,   8675,  35382,   3841,   9884,  59778,     19,   2827,
2.8,   2570,    258,      0,   2106,   2220,   8137,   8678,  35382,   3841,   9884,  59778,     20,   2827,
2.8,   2570,    258,      0,   2115,   2216,   8140,   8685,  35382,   3841,   9884,  59778,     21,   2827,
2.8,   2570,    258,      0,   2106,   2216,   8138,   8686,  35382,   3841,   9884,  59778,     22,   2827,
2.8,   2570,    258,      0,   2106,   2216,   8139,   8686,  35382,   3841,   9884,  59778,     23,   2827,
2.8,   2570,    258,      0,   2106,   2212,   8137,   8693,  35382,   3841,   9884,  59778,     24,   2827,
2.8,   2570,    258,      0,   2115,   2210,   8140,   8699,  35382,   3841,   9884,  59778,     25,   2827,
2.8,   2570,    258,      0,   2115,   2208,   8142,   8702,  35382,   3841,   9884,  59778,     26,   2827,
2.8,   2570,    258,      0,   2124,   2206,   8144,   8704,  35382,   3841,   9884,  59778,     27,   2827,
2.8,   2570,    258,      0,   2124,   2204,   8144,   8709,  35382,   3841,   9884,  59778,     28,   2827,
2.8,   2570,    258,      0,   2115,   2201,   8140,   8712,  35382,   3841,   9884,  59778,     29,   2827,
2.8,   2570,    258,      0,   2124,   2201,   8145,   8714,  35382,   3841,   9884,  59778,     30,   2827,
2.8,   2570,    258,      0,   2115,   2199,   8143,   8719,  35382,   3841,   9884,  59778,     31,   2827,
2.8,   2570,    258,      0,   2124,   2196,   8145,   8725,  35382,   3841,   9884,  59778,     32,   2827,
2.8,   2570,    258,      0,   2133,   2193,   8149,   8731,  35382,   3841,   9884,  59778,     33,   2827,
2.8,   2570,    258,      0,   2133,   2191,   8150,   8733,  35382,   3841,   9884,  59778,     34,   2827,
2.8,   2570,    258,      0,   2133,   2187,   8149,   8741,  35382,   3841,   9884,  59778,     35,   2827,
36.5,   2570,    258,      0,   3388,   2409,   8713,   8313,   2870,  11521,   9372,  59778,      1,   2827,
36.5,   2570,    258,      0,   4223,   2416,   9118,   8300,   2870,  11521,   9372,  59778,     11,   2827,
36.5,   2570,    258,      0,   4216,   2416,   9115,   8302,   2870,  11521,   9372,  59778,     12,   2827,
36.5,   2570,    258,      0,   4216,   2416,   9114,   8301,   2870,  11521,   9372,  59778,     13,   2827,
36.5,   2570,    258,      0,   4232,   2420,   9121,   8295,   2870,  11521,   9372,  59778,     14,   2827,
36.5,   2570,    258,      0,   4232,   2417,   9120,   8296,   2870,  11521,   9372,  59778,     15,   2827,
36.5,   2570,    258,      0,   4216,   2420,   9112,   8294,   2870,  11521,   9372,  59778,     16,   2827,
36.5,   2570,    258,      0,   4208,   2420,   9110,   8292,   2870,  11521,   9372,  59778,     17,   2827,
36.5,   2570,    258,      0,   4199,   2422,   9107,   8291,   2870,  11521,   9372,  59778,     18,   2827,
36.5,   2570,    258,      0,   4199,   2422,   9105,   8291,   2870,  11521,   9372,  59778,     19,   2827,
36.5,   2570,    258,      0,   4192,   2422,   9103,   8288,   2870,  11521,   9372,  59778,     20,   2827,
36.5,   2570,    258,      0,   4199,   2422,   9107,   8288,   2870,  11521,   9372,  59778,     21,   2827,
36.5,   2570,    258,      0,   4183,   2424,   9099,   8284,   2870,  11521,   9372,  59778,     22,   2827,
36.5,   2570,    258,      0,   4192,   2426,   9101,   8281,   2870,  11521,   9372,  59778,     23,   2827,
36.5,   2570,    258,      0,   4192,   2424,   9102,   8284,   2870,  11521,   9372,  59778,     24,   2827,
36.5,   2570,    258,      0,   4199,   2426,   9106,   8282,   2870,  11521,   9372,  59778,     25,   2827,
36.5,   2570,    258,      0,   4208,   2429,   9109,   8279,   2870,  11521,   9372,  59778,     26,   2827,
36.5,   2570,    258,      0,   4199,   2426,   9106,   8280,   2870,  11521,   9372,  59778,     27,   2827,
36.5,   2570,    258,      0,   4199,   2430,   9105,   8274,   2870,  11521,   9372,  59778,     28,   2827,
36.5,   2570,    258,      0,   4199,   2433,   9104,   8270,   2870,  11521,   9372,  59778,     29,   2827,
36.5,   2570,    258,      0,   4199,   2430,   9106,   8274,   2870,  11521,   9372,  59778,     30,   2827,
36.5,   2570,    258,      0,   4192,   2434,   9100,   8266,   2870,  11521,   9372,  59778,     31,   2827,
36.5,   2570,    258,      0,   4192,   2433,   9100,   8271,   2870,  11521,   9372,  59778,     32,   2827,
36.5,   2570,    258,      0,   4183,   2434,   9096,   8267,   2870,  11521,   9372,  59778,     33,   2827,
36.5,   2570,    258,      0,   4183,   2434,   9097,   8267,   2870,  11521,   9372,  59778,     34,   2827,
36.5,   2570,    258,      0,   4183,   2437,   9096,   8263,   2870,  11521,   9372,  59778,     35,   2827,
36.5,   2570,    258,      0,   4176,   2434,   9094,   8267,   2870,  11521,   9372,  59778,     36,   2827,
