72.5,   2570,    258,      0,   1654,   2338,   7947,   8450,   3463,   6649,  30680,  42120,      1,   2827,
72.5,   2570,    258,      0,   5519,   2361,   9797,   8407,   3463,   6649,  30680,  42120,     12,   2827,
72.5,   2570,    258,      0,   5498,   2363,   9787,   8402,   3463,   6649,  30680,  42120,     13,   2827,
72.5,   2570,    258,      0,   5484,   2366,   9777,   8398,   3463,   6649,  30680,  42120,     14,   2827,
72.5,   2570,    258,      0,   5469,   2368,   9768,   8394,   3463,   6649,  30680,  42120,     15,   2827,
72.5,   2570,    258,      0,   5447,   2369,   9759,   8388,   3463,   6649,  30680,  42120,     16,   2827,
72.5,   2570,    258,      0,   5455,   2374,   9760,   8382,   3463,   6649,  30680,  42120,     17,   2827,
72.5,   2570,    258,      0,   5447,   2378,   9757,   8373,   3463,   6649,  30680,  42120,     18,   2827,
72.5,   2570,    258,      0,   5439,   2379,   9755,   8369,   3463,   6649,  30680,  42120,     19,   2827,
72.5,   2570,    258,      0,   5439,   2383,   9754,   8366,   3463,   6649,  30680,  42120,     20,   2827,
72.5,   2570,    258,      0,   5439,   2384,   9754,   8360,   3463,   6649,  30680,  42120,     21,   2827,
72.5,   2570,    258,      0,   5425,   2388,   9745,   8352,   3463,   6649,  30680,  42120,     22,   2827,
72.5,   2570,    258,      0,   5425,   2390,   9744,   8351,   3463,   6649,  30680,  42120,     23,   2827,
72.5,   2570,    258,      0,   5432,   2395,   9751,   8340,   3463,   6649,  30680,  42120,     24,   2827,
72.5,   2570,    258,      0,   5469,   2398,   9771,   8335,   3463,   6649,  30680,  42120,     25,   2827,
72.5,   2570,    258,      0,   5476,   2403,   9772,   8327,   3463,   6649,  30680,  42120,     26,   2827,
72.5,   2570,    258,      0,   5476,   2407,   9772,   8317,   3463,   6649,  30680,  42120,     27,   2827,
72.5,   2570,    258,      0,   5439,   2412,   9754,   8310,   3463,   6649,  30680,  42120,     28,   2827,
72.5,   2570,    258,      0,   5455,   2413,   9760,   8307,   3463,   6649,  30680,  42120,     29,   2827,
72.5,   2570,    258,      0,   5455,   2417,   9760,   8298,   3463,   6649,  30680,  42120,     30,   2827,
72.5,   2570,    258,      0,   5439,   2424,   9755,   8287,   3463,   6649,  30680,  42120,     31,   2827,
72.5,   2570,    258,      0,   5490,   2429,   9781,   8279,   3463,   6649,  30680,  42120,     32,   2827,
72.5,   2570,    258,      0,   5476,   2430,   9772,   8273,   3463,   6649,  30680,  42120,     33,   2827,
72.5,   2570,    258,      0,   5432,   2434,   9749,   8265,   3463,   6649,  30680,  42120,     34,   2827,
72.5,   2570,    258,      0,   5418,   2441,   9741,   8255,   3463,   6649,  30680,  42120,     35,   2827,
72.5,   2570,    258,      0,   5439,   2445,   9752,   8245,   3463,   6649,  30680,  42120,     36,   2827,
72.5,   2570,    258,      0,   5425,   2448,   9744,   8240,   3463,   6649,  30680,  42120,     37,   2827,
