69.4,   2570,    258,      0,   3817,   2304,   8916,   8516,  61766,   1066,  63783,  23371,      1,   2827,
69.4,   2570,    258,      0,   6871,   2322,  10591,   8480,  61766,   1066,  63783,  23371,      9,   2827,
69.4,   2570,    258,      0,   6844,   2325,  10575,   8473,  61766,   1066,  63783,  23371,     10,   2827,
69.4,   2570,    258,      0,   6818,   2329,  10558,   8470,  61766,   1066,  63783,  23371,     11,   2827,
69.4,   2570,    258,      0,   6792,   2332,  10543,   8461,  61766,   1066,  63783,  23371,     12,   2827,
69.4,   2570,    258,      0,   6773,   2332,  10531,   8462,  61766,   1066,  63783,  23371,     13,   2827,
69.4,   2570,    258,      0,   6773,   2334,  10528,   8458,  61766,   1066,  63783,  23371,     14,   2827,
69.4,   2570,    258,      0,   6780,   2336,  10532,   8453,  61766,   1066,  63783,  23371,     15,   2827,
69.4,   2570,    258,      0,   6767,   2340,  10526,   8446,  61766,   1066,  63783,  23371,     16,   2827,
69.4,   2570,    258,      0,   6761,   2344,  10521,   8439,  61766,   1066,  63783,  23371,     17,   2827,
69.4,   2570,    258,      0,   6747,   2347,  10513,   8435,  61766,   1066,  63783,  23371,     18,   2827,
69.4,   2570,    258,      0,   6761,   2349,  10521,   8431,  61766,   1066,  63783,  23371,     19,   2827,
69.4,   2570,    258,      0,   6787,   2352,  10538,   8423,  61766,   1066,  63783,  23371,     20,   2827,
69.4,   2570,    258,      0,   6799,   2352,  10545,   8422,  61766,   1066,  63783,  23371,     21,   2827,
69.4,   2570,    258,      0,   6780,   2357,  10532,   8413,  61766,   1066,  63783,  23371,     22,   2827,
69.4,   2570,    258,      0,   6761,   2361,  10520,   8404,  61766,   1066,  63783,  23371,     23,   2827,
69.4,   2570,    258,      0,   6742,   2363,  10509,   8401,  61766,   1066,  63783,  23371,     24,   2827,
69.4,   2570,    258,      0,   6721,   2366,  10499,   8396,  61766,   1066,  63783,  23371,     25,   2827,
69.4,   2570,    258,      0,   6747,   2369,  10515,   8390,  61766,   1066,  63783,  23371,     26,   2827,
69.4,   2570,    258,      0,   6761,   2374,  10523,   8382,  61766,   1066,  63783,  23371,     27,   2827,
69.4,   2570,    258,      0,   6761,   2377,  10523,   8379,  61766,   1066,  63783,  23371,     28,   2827,
69.4,   2570,    258,      0,   6767,   2379,  10527,   8368,  61766,   1066,  63783,  23371,     29,   2827,
69.4,   2570,    258,      0,   6780,   2384,  10535,   8361,  61766,   1066,  63783,  23371,     30,   2827,
69.4,   2570,    258,      0,   6787,   2388,  10536,   8355,  61766,   1066,  63783,  23371,     31,   2827,
69.4,   2570,    258,      0,   6773,   2390,  10529,   8348,  61766,   1066,  63783,  23371,     32,   2827,
69.4,   2570,    258,      0,   6754,   2397,  10519,   8339,  61766,   1066,  63783,  23371,     33,   2827,
69.4,   2570,    258,      0,   6742,   2398,  10509,   8334,  61766,   1066,  63783,  23371,     34,   2827,
2.6,   2570,    258,      0,   3583,   2330,   8804,   8464,  61766,   1066,  61731,  22859,      1,   2827,
2.6,   2570,    258,      0,   2115,   2324,   8143,   8478,  61766,   1066,  61731,  22859,     11,   2827,
2.6,   2570,    258,      0,   2124,   2320,   8144,   8486,  61766,   1066,  61731,  22859,     12,   2827,
2.6,   2570,    258,      0,   2115,   2320,   8140,   8485,  61766,   1066,  61731,  22859,     13,   2827,
2.6,   2570,    258,      0,   2106,   2315,   8138,   8493,  61766,   1066,  61731,  22859,     14,   2827,
2.6,   2570,    258,      0,   2106,   2315,   8136,   8494,  61766,   1066,  61731,  22859,     15,   2827,
2.6,   2570,    258,      0,   2115,   2314,   8140,   8499,  61766,   1066,  61731,  22859,     16,   2827,
2.6,   2570,    258,      0,   2115,   2308,   8140,   8506,  61766,   1066,  61731,  22859,     17,   2827,
2.6,   2570,    258,      0,   2115,   2307,   8142,   8510,  61766,   1066,  61731,  22859,     18,   2827,
2.6,   2570,    258,      0,   2115,   2305,   8143,   8515,  61766,   1066,  61731,  22859,     19,   2827,
2.6,   2570,    258,      0,   2124,   2301,   8147,   8520,  61766,   1066,  61731,  22859,     20,   2827,
2.6,   2570,    258,      0,   2115,   2301,   8142,   8522,  61766,   1066,  61731,  22859,     21,   2827,
2.6,   2570,    258,      0,   2124,   2298,   8147,   8525,  61766,   1066,  61731,  22859,     22,   2827,
2.6,   2570,    258,      0,   2133,   2297,   8149,   8529,  61766,   1066,  61731,  22859,     23,   2827,
2.6,   2570,    258,      0,   2124,   2295,   8146,   8533,  61766,   1066,  61731,  22859,     24,   2827,
2.6,   2570,    258,      0,   2133,   2293,   8148,   8539,  61766,   1066,  61731,  22859,     25,   2827,
2.6,   2570,    258,      0,   2143,   2288,   8152,   8544,  61766,   1066,  61731,  22859,     26,   2827,
2.6,   2570,    258,      0,   2133,   2288,   8149,   8545,  61766,   1066,  61731,  22859,     27,   2827,
2.6,   2570,    258,      0,   2143,   2287,   8155,   8549,  61766,   1066,  61731,  22859,     28,   2827,
2.6,   2570,    258,      0,   2143,   2285,   8153,   8554,  61766,   1066,  61731,  22859,     29,   2827,
2.6,   2570,    258,      0,   2143,   2281,   8154,   8556,  61766,   1066,  61731,  22859,     30,   2827,
2.6,   2570,    258,      0,   2152,   2280,   8157,   8562,  61766,   1066,  61731,  22859,     31,   2827,
2.6,   2570,    258,      0,   2152,   2278,   8157,   8565,  61766,   1066,  61731,  22859,     32,   2827,
2.6,   2570,    258,      0,   2162,   2278,   8160,   8565,  61766,   1066,  61731,  22859,     33,   2827,
2.6,   2570,    258,      0,   2152,   2272,   8159,   8576,  61766,   1066,  61731,  22859,     34,   2827,
2.6,   2570,    258,      0,   2152,   2272,   8158,   8576,  61766,   1066,  61731,  22859,     35,   2827,
2.6,   2570,    258,      0,   2170,   2272,   8164,   8577,  61766,   1066,  61731,  22859,     36,   2827,
2.6,   2570,    258,      0,   2162,   2268,   8162,   8585,  61766,   1066,  61731,  22859,     37,   2827,
36.8,   2570,    258,      0,   3692,   2249,   8856,   8620,  57670,   1066,  61730,  23371,      1,   2827,
36.8,   2570,    258,      0,   4548,   2254,   9280,   8610,  57670,   1066,  61730,  23371,     11,   2827,
36.8,   2570,    258,      0,   4532,   2260,   9272,   8602,  57670,   1066,  61730,  23371,     12,   2827,
36.8,   2570,    258,      0,   4525,   2257,   9269,   8604,  57670,   1066,  61730,  23371,     13,   2827,
36.8,   2570,    258,      0,   4509,   2260,   9260,   8603,  57670,   1066,  61730,  23371,     14,   2827,
36.8,   2570,    258,      0,   4509,   2260,   9262,   8601,  57670,   1066,  61730,  23371,     15,   2827,
36.8,   2570,    258,      0,   4509,   2261,   9263,   8599,  57670,   1066,  61730,  23371,     16,   2827,
36.8,   2570,    258,      0,   4517,   2261,   9265,   8599,  57670,   1066,  61730,  23371,     17,   2827,
36.8,   2570,    258,      0,   4509,   2261,   9262,   8599,  57670,   1066,  61730,  23371,     18,   2827,
36.8,   2570,    258,      0,   4501,   2263,   9258,   8594,  57670,   1066,  61730,  23371,     19,   2827,
36.8,   2570,    258,      0,   4509,   2263,   9260,   8593,  57670,   1066,  61730,  23371,     20,   2827,
36.8,   2570,    258,      0,   4509,   2263,   9263,   8594,  57670,   1066,  61730,  23371,     21,   2827,
36.8,   2570,    258,      0,   4501,   2263,   9258,   8593,  57670,   1066,  61730,  23371,     22,   2827,
36.8,   2570,    258,      0,   4501,   2266,   9259,   8591,  57670,   1066,  61730,  23371,     23,   2827,
36.8,   2570,    258,      0,   4509,   2266,   9260,   8588,  57670,   1066,  61730,  23371,     24,   2827,
36.8,   2570,    258,      0,   4501,   2268,   9258,   8585,  57670,   1066,  61730,  23371,     25,   2827,
36.8,   2570,    258,      0,   4494,   2268,   9255,   8585,  57670,   1066,  61730,  23371,     26,   2827,
36.8,   2570,    258,      0,   4494,   2269,   9252,   8583,  57670,   1066,  61730,  23371,     27,   2827,
36.8,   2570,    258,      0,   4494,   2268,   9254,   8587,  57670,   1066,  61730,  23371,     28,   2827,
36.8,   2570,    258,      0,   4485,   2269,   9251,   8580,  57670,   1066,  61730,  23371,     29,   2827,
36.8,   2570,    258,      0,   4494,   2272,   9255,   8579,  57670,   1066,  61730,  23371,     30,   2827,
36.8,   2570,    258,      0,   4494,   2275,   9254,   8575,  57670,   1066,  61730,  23371,     31,   2827,
36.8,   2570,    258,      0,   4494,   2272,   9252,   8576,  57670,   1066,  61730,  23371,     32,   2827,
36.8,   2570,    258,      0,   4494,   2272,   9255,   8577,  57670,   1066,  61730,  23371,     33,   2827,
36.8,   2570,    258,      0,   4494,   2276,   9252,   8569,  57670,   1066,  61730,  23371,     34,   2827,
36.8,   2570,    258,      0,   4501,   2278,   9256,   8567,  57670,   1066,  61730,  23371,     35,   2827,
36.8,   2570,    258,      0,   4494,   2278,   9255,   8566,  57670,   1066,  61730,  23371,     36,   2827,
