72.7,   2570,    258,      0,   1910,   2357,   8052,   8414,  42012,  13864,  39005,  61251,      1,   2827,
72.7,   2570,    258,      0,   5635,   2388,   9862,   8355,  42012,  13864,  39005,  61251,     12,   2827,
72.7,   2570,    258,      0,   5628,   2390,   9856,   8351,  42012,  13864,  39005,  61251,     13,   2827,
72.7,   2570,    258,      0,   5649,   2393,   9870,   8346,  42012,  13864,  39005,  61251,     14,   2827,
72.7,   2570,    258,      0,   5619,   2397,   9855,   8337,  42012,  13864,  39005,  61251,     15,   2827,
72.7,   2570,    258,      0,   5619,   2402,   9855,   8331,  42012,  13864,  39005,  61251,     16,   2827,
72.7,   2570,    258,      0,   5628,   2403,   9859,   8325,  42012,  13864,  39005,  61251,     17,   2827,
72.7,   2570,    258,      0,   5642,   2407,   9864,   8319,  42012,  13864,  39005,  61251,     18,   2827,
72.7,   2570,    258,      0,   5656,   2412,   9875,   8309,  42012,  13864,  39005,  61251,     19,   2827,
72.7,   2570,    258,      0,   5664,   2416,   9877,   8300,  42012,  13864,  39005,  61251,     20,   2827,
72.7,   2570,    258,      0,   5649,   2420,   9871,   8295,  42012,  13864,  39005,  61251,     21,   2827,
72.7,   2570,    258,      0,   5649,   2422,   9870,   8288,  42012,  13864,  39005,  61251,     22,   2827,
72.7,   2570,    258,      0,   5635,   2429,   9861,   8279,  42012,  13864,  39005,  61251,     23,   2827,
72.7,   2570,    258,      0,   5591,   2433,   9839,   8271,  42012,  13864,  39005,  61251,     24,   2827,
72.7,   2570,    258,      0,   5598,   2433,   9841,   8268,  42012,  13864,  39005,  61251,     25,   2827,
72.7,   2570,    258,      0,   5606,   2439,   9847,   8259,  42012,  13864,  39005,  61251,     26,   2827,
72.7,   2570,    258,      0,   5619,   2442,   9853,   8251,  42012,  13864,  39005,  61251,     27,   2827,
72.7,   2570,    258,      0,   5628,   2445,   9857,   8244,  42012,  13864,  39005,  61251,     28,   2827,
72.7,   2570,    258,      0,   5585,   2452,   9835,   8235,  42012,  13864,  39005,  61251,     29,   2827,
72.7,   2570,    258,      0,   5549,   2456,   9815,   8225,  42012,  13864,  39005,  61251,     30,   2827,
72.7,   2570,    258,      0,   5555,   2457,   9816,   8221,  42012,  13864,  39005,  61251,     31,   2827,
72.7,   2570,    258,      0,   5540,   2462,   9811,   8212,  42012,  13864,  39005,  61251,     32,   2827,
72.7,   2570,    258,      0,   5519,   2464,   9799,   8209,  42012,  13864,  39005,  61251,     33,   2827,
72.7,   2570,    258,      0,   5505,   2468,   9789,   8201,  42012,  13864,  39005,  61251,     34,   2827,
72.7,   2570,    258,      0,   5513,   2475,   9792,   8190,  42012,  13864,  39005,  61251,     35,   2827,
72.7,   2570,    258,      0,   5527,   2475,   9802,   8188,  42012,  13864,  39005,  61251,     36,   2827,
72.7,   2570,    258,      0,   5555,   2481,   9816,   8176,  42012,  13864,  39005,  61251,     37,   2827,
1.9,   2570,    258,      0,   1692,   2324,   7963,   8479,   9244,  13864,   4189,  44867,      1,   2827,
1.9,   2570,    258,      0,    258,   2307,   7384,   8508,   9244,  13864,   4189,  44867,     10,   2827,
1.9,   2570,    258,      0,    247,   2304,   7380,   8518,   9244,  13864,   4189,  44867,     11,   2827,
1.9,   2570,    258,      0,    247,   2304,   7381,   8518,   9244,  13864,   4189,  44867,     12,   2827,
1.9,   2570,    258,      0,    247,   2298,   7382,   8524,   9244,  13864,   4189,  44867,     13,   2827,
1.9,   2570,    258,      0,    258,   2297,   7384,   8528,   9244,  13864,   4189,  44867,     14,   2827,
1.9,   2570,    258,      0,    258,   2295,   7387,   8532,   9244,  13864,   4189,  44867,     15,   2827,
1.9,   2570,    258,      0,    258,   2295,   7385,   8534,   9244,  13864,   4189,  44867,     16,   2827,
1.9,   2570,    258,      0,    258,   2293,   7386,   8539,   9244,  13864,   4189,  44867,     17,   2827,
1.9,   2570,    258,      0,    258,   2288,   7387,   8545,   9244,  13864,   4189,  44867,     18,   2827,
1.9,   2570,    258,      0,    268,   2287,   7389,   8548,   9244,  13864,   4189,  44867,     19,   2827,
1.9,   2570,    258,      0,    268,   2285,   7390,   8552,   9244,  13864,   4189,  44867,     20,   2827,
1.9,   2570,    258,      0,    258,   2285,   7387,   8555,   9244,  13864,   4189,  44867,     21,   2827,
1.9,   2570,    258,      0,    268,   2280,   7389,   8560,   9244,  13864,   4189,  44867,     22,   2827,
1.9,   2570,    258,      0,    279,   2278,   7393,   8565,   9244,  13864,   4189,  44867,     23,   2827,
1.9,   2570,    258,      0,    279,   2278,   7395,   8565,   9244,  13864,   4189,  44867,     24,   2827,
1.9,   2570,    258,      0,    279,   2276,   7394,   8571,   9244,  13864,   4189,  44867,     25,   2827,
1.9,   2570,    258,      0,    289,   2275,   7398,   8575,   9244,  13864,   4189,  44867,     26,   2827,
1.9,   2570,    258,      0,    289,   2272,   7396,   8579,   9244,  13864,   4189,  44867,     27,   2827,
1.9,   2570,    258,      0,    299,   2268,   7400,   8587,   9244,  13864,   4189,  44867,     28,   2827,
1.9,   2570,    258,      0,    289,   2266,   7399,   8589,   9244,  13864,   4189,  44867,     29,   2827,
1.9,   2570,    258,      0,    299,   2263,   7402,   8594,   9244,  13864,   4189,  44867,     30,   2827,
1.9,   2570,    258,      0,    299,   2261,   7400,   8599,   9244,  13864,   4189,  44867,     31,   2827,
1.9,   2570,    258,      0,    299,   2260,   7403,   8601,   9244,  13864,   4189,  44867,     32,   2827,
1.9,   2570,    258,      0,    299,   2257,   7403,   8607,   9244,  13864,   4189,  44867,     33,   2827,
1.9,   2570,    258,      0,    299,   2257,   7403,   8607,   9244,  13864,   4189,  44867,     34,   2827,
1.9,   2570,    258,      0,    309,   2253,   7406,   8615,   9244,  13864,   4189,  44867,     35,   2827,
36,   2570,    258,      0,   1815,   2390,   8014,   8350,  42012,  13864,  37469,  61283,      1,   2827,
36,   2570,    258,      0,   2717,   2393,   8405,   8346,  42012,  13864,  37469,  61283,     11,   2827,
36,   2570,    258,      0,   2717,   2395,   8404,   8342,  42012,  13864,  37469,  61283,     12,   2827,
36,   2570,    258,      0,   2707,   2397,   8402,   8339,  42012,  13864,  37469,  61283,     13,   2827,
36,   2570,    258,      0,   2698,   2397,   8397,   8339,  42012,  13864,  37469,  61283,     14,   2827,
36,   2570,    258,      0,   2707,   2398,   8400,   8333,  42012,  13864,  37469,  61283,     15,   2827,
36,   2570,    258,      0,   2698,   2397,   8396,   8338,  42012,  13864,  37469,  61283,     16,   2827,
36,   2570,    258,      0,   2690,   2397,   8395,   8337,  42012,  13864,  37469,  61283,     17,   2827,
36,   2570,    258,      0,   2698,   2397,   8397,   8336,  42012,  13864,  37469,  61283,     18,   2827,
36,   2570,    258,      0,   2690,   2398,   8392,   8335,  42012,  13864,  37469,  61283,     19,   2827,
36,   2570,    258,      0,   2698,   2398,   8396,   8334,  42012,  13864,  37469,  61283,     20,   2827,
36,   2570,    258,      0,   2698,   2402,   8396,   8331,  42012,  13864,  37469,  61283,     21,   2827,
36,   2570,    258,      0,   2698,   2402,   8397,   8329,  42012,  13864,  37469,  61283,     22,   2827,
36,   2570,    258,      0,   2690,   2402,   8393,   8329,  42012,  13864,  37469,  61283,     23,   2827,
36,   2570,    258,      0,   2690,   2403,   8393,   8326,  42012,  13864,  37469,  61283,     24,   2827,
36,   2570,    258,      0,   2698,   2405,   8397,   8323,  42012,  13864,  37469,  61283,     25,   2827,
36,   2570,    258,      0,   2698,   2407,   8398,   8319,  42012,  13864,  37469,  61283,     26,   2827,
36,   2570,    258,      0,   2707,   2405,   8403,   8322,  42012,  13864,  37469,  61283,     27,   2827,
36,   2570,    258,      0,   2707,   2405,   8401,   8320,  42012,  13864,  37469,  61283,     28,   2827,
36,   2570,    258,      0,   2698,   2409,   8398,   8315,  42012,  13864,  37469,  61283,     29,   2827,
36,   2570,    258,      0,   2680,   2409,   8391,   8312,  42012,  13864,  37469,  61283,     30,   2827,
36,   2570,    258,      0,   2690,   2409,   8392,   8312,  42012,  13864,  37469,  61283,     31,   2827,
36,   2570,    258,      0,   2680,   2412,   8391,   8310,  42012,  13864,  37469,  61283,     32,   2827,
36,   2570,    258,      0,   2672,   2412,   8387,   8311,  42012,  13864,  37469,  61283,     33,   2827,
36,   2570,    258,      0,   2680,   2412,   8391,   8310,  42012,  13864,  37469,  61283,     34,   2827,
36,   2570,    258,      0,   2690,   2413,   8393,   8306,  42012,  13864,  37469,  61283,     35,   2827,
36,   2570,    258,      0,   2680,   2413,   8388,   8305,  42012,  13864,  37469,  61283,     36,   2827,
