69.6,   2570,    258,      0,   4240,   2377,   9126,   8377,  54175,  29478,  16551,  36757,      1,   2827,
69.6,   2570,    258,      0,   7354,   2407,  10898,   8318,  54175,  29478,  16551,  36757,     13,   2827,
69.6,   2570,    258,      0,   7341,   2412,  10889,   8309,  54175,  29478,  16551,  36757,     14,   2827,
69.6,   2570,    258,      0,   7305,   2416,  10866,   8303,  54175,  29478,  16551,  36757,     15,   2827,
69.6,   2570,    258,      0,   7268,   2416,  10842,   8300,  54175,  29478,  16551,  36757,     16,   2827,
69.6,   2570,    258,      0,   7242,   2420,  10827,   8292,  54175,  29478,  16551,  36757,     17,   2827,
69.6,   2570,    258,      0,   7249,   2422,  10828,   8289,  54175,  29478,  16551,  36757,     18,   2827,
69.6,   2570,    258,      0,   7242,   2426,  10826,   8281,  54175,  29478,  16551,  36757,     19,   2827,
69.6,   2570,    258,      0,   7249,   2430,  10829,   8275,  54175,  29478,  16551,  36757,     20,   2827,
69.6,   2570,    258,      0,   7237,   2430,  10820,   8274,  54175,  29478,  16551,  36757,     21,   2827,
69.6,   2570,    258,      0,   7237,   2434,  10821,   8264,  54175,  29478,  16551,  36757,     22,   2827,
69.6,   2570,    258,      0,   7255,   2434,  10835,   8264,  54175,  29478,  16551,  36757,     23,   2827,
69.6,   2570,    258,      0,   7268,   2441,  10840,   8253,  54175,  29478,  16551,  36757,     24,   2827,
69.6,   2570,    258,      0,   7262,   2448,  10838,   8243,  54175,  29478,  16551,  36757,     25,   2827,
69.6,   2570,    258,      0,   7237,   2448,  10823,   8243,  54175,  29478,  16551,  36757,     26,   2827,
69.6,   2570,    258,      0,   7212,   2448,  10804,   8240,  54175,  29478,  16551,  36757,     27,   2827,
69.6,   2570,    258,      0,   7242,   2453,  10824,   8228,  54175,  29478,  16551,  36757,     28,   2827,
69.6,   2570,    258,      0,   7273,   2457,  10847,   8220,  54175,  29478,  16551,  36757,     29,   2827,
69.6,   2570,    258,      0,   7262,   2462,  10836,   8214,  54175,  29478,  16551,  36757,     30,   2827,
69.6,   2570,    258,      0,   7249,   2467,  10830,   8206,  54175,  29478,  16551,  36757,     31,   2827,
69.6,   2570,    258,      0,   7262,   2468,  10837,   8201,  54175,  29478,  16551,  36757,     32,   2827,
69.6,   2570,    258,      0,   7262,   2472,  10839,   8194,  54175,  29478,  16551,  36757,     33,   2827,
69.6,   2570,    258,      0,   7255,   2477,  10832,   8184,  54175,  29478,  16551,  36757,     34,   2827,
69.6,   2570,    258,      0,   7255,   2481,  10835,   8177,  54175,  29478,  16551,  36757,     35,   2827,
69.6,   2570,    258,      0,   7237,   2485,  10821,   8169,  54175,  29478,  16551,  36757,     36,   2827,
69.6,   2570,    258,      0,   7230,   2489,  10817,   8162,  54175,  29478,  16551,  36757,     37,   2827,
69.6,   2570,    258,      0,   7218,   2494,  10808,   8152,  54175,  29478,  16551,  36757,     38,   2827,
69.6,   2570,    258,      0,   7194,   2495,  10795,   8148,  54175,  29478,  16551,  36757,     39,   2827,
2.3,   2570,    258,      0,   4509,   2452,   9260,   8232,  54163,  29478,  16559,  36757,      1,   2827,
2.3,   2570,    258,      0,   2885,   2416,   8483,   8300,  54163,  29478,  16559,  36757,     10,   2827,
2.3,   2570,    258,      0,   2877,   2413,   8477,   8307,  54163,  29478,  16559,  36757,     11,   2827,
2.3,   2570,    258,      0,   2877,   2409,   8478,   8315,  54163,  29478,  16559,  36757,     12,   2827,
2.3,   2570,    258,      0,   2867,   2405,   8472,   8321,  54163,  29478,  16559,  36757,     13,   2827,
2.3,   2570,    258,      0,   2858,   2402,   8471,   8329,  54163,  29478,  16559,  36757,     14,   2827,
2.3,   2570,    258,      0,   2858,   2397,   8471,   8338,  54163,  29478,  16559,  36757,     15,   2827,
2.3,   2570,    258,      0,   2849,   2393,   8464,   8347,  54163,  29478,  16559,  36757,     16,   2827,
2.3,   2570,    258,      0,   2849,   2390,   8467,   8350,  54163,  29478,  16559,  36757,     17,   2827,
2.3,   2570,    258,      0,   2858,   2384,   8468,   8361,  54163,  29478,  16559,  36757,     18,   2827,
2.3,   2570,    258,      0,   2858,   2383,   8468,   8365,  54163,  29478,  16559,  36757,     19,   2827,
2.3,   2570,    258,      0,   2858,   2378,   8468,   8372,  54163,  29478,  16559,  36757,     20,   2827,
2.3,   2570,    258,      0,   2849,   2377,   8465,   8378,  54163,  29478,  16559,  36757,     21,   2827,
2.3,   2570,    258,      0,   2849,   2372,   8466,   8384,  54163,  29478,  16559,  36757,     22,   2827,
2.3,   2570,    258,      0,   2841,   2368,   8461,   8392,  54163,  29478,  16559,  36757,     23,   2827,
2.3,   2570,    258,      0,   2833,   2366,   8459,   8399,  54163,  29478,  16559,  36757,     24,   2827,
2.3,   2570,    258,      0,   2849,   2363,   8465,   8402,  54163,  29478,  16559,  36757,     25,   2827,
2.3,   2570,    258,      0,   2841,   2359,   8460,   8408,  54163,  29478,  16559,  36757,     26,   2827,
2.3,   2570,    258,      0,   2841,   2356,   8463,   8418,  54163,  29478,  16559,  36757,     27,   2827,
2.3,   2570,    258,      0,   2841,   2352,   8460,   8420,  54163,  29478,  16559,  36757,     28,   2827,
2.3,   2570,    258,      0,   2841,   2351,   8461,   8426,  54163,  29478,  16559,  36757,     29,   2827,
2.3,   2570,    258,      0,   2841,   2349,   8460,   8431,  54163,  29478,  16559,  36757,     30,   2827,
2.3,   2570,    258,      0,   2841,   2347,   8462,   8435,  54163,  29478,  16559,  36757,     31,   2827,
2.3,   2570,    258,      0,   2841,   2343,   8460,   8441,  54163,  29478,  16559,  36757,     32,   2827,
2.3,   2570,    258,      0,   2849,   2340,   8465,   8447,  54163,  29478,  16559,  36757,     33,   2827,
2.3,   2570,    258,      0,   2849,   2336,   8465,   8454,  54163,  29478,  16559,  36757,     34,   2827,
2.3,   2570,    258,      0,   2841,   2332,   8463,   8460,  54163,  29478,  16559,  36757,     35,   2827,
