71.7,   2570,    258,      0,   2645,   2287,   8373,   8548,  43818,   4633,  13444,  36808,      1,   2827,
71.7,   2570,    258,      0,   6344,   2308,  10271,   8506,  43818,   4633,  13444,  36808,     10,   2827,
71.7,   2570,    258,      0,   6317,   2314,  10255,   8498,  43818,   4633,  13444,  36808,     11,   2827,
71.7,   2570,    258,      0,   6302,   2315,  10246,   8494,  43818,   4633,  13444,  36808,     12,   2827,
71.7,   2570,    258,      0,   6269,   2322,  10227,   8483,  43818,   4633,  13444,  36808,     13,   2827,
71.7,   2570,    258,      0,   6249,   2322,  10214,   8483,  43818,   4633,  13444,  36808,     14,   2827,
71.7,   2570,    258,      0,   6249,   2325,  10214,   8475,  43818,   4633,  13444,  36808,     15,   2827,
71.7,   2570,    258,      0,   6256,   2325,  10216,   8472,  43818,   4633,  13444,  36808,     16,   2827,
71.7,   2570,    258,      0,   6249,   2332,  10214,   8461,  43818,   4633,  13444,  36808,     17,   2827,
71.7,   2570,    258,      0,   6249,   2334,  10214,   8459,  43818,   4633,  13444,  36808,     18,   2827,
71.7,   2570,    258,      0,   6242,   2336,  10210,   8452,  43818,   4633,  13444,  36808,     19,   2827,
71.7,   2570,    258,      0,   6242,   2343,  10210,   8443,  43818,   4633,  13444,  36808,     20,   2827,
71.7,   2570,    258,      0,   6236,   2347,  10207,   8433,  43818,   4633,  13444,  36808,     21,   2827,
71.7,   2570,    258,      0,   6236,   2347,  10206,   8432,  43818,   4633,  13444,  36808,     22,   2827,
71.7,   2570,    258,      0,   6242,   2356,  10209,   8418,  43818,   4633,  13444,  36808,     23,   2827,
71.7,   2570,    258,      0,   6229,   2356,  10200,   8419,  43818,   4633,  13444,  36808,     24,   2827,
71.7,   2570,    258,      0,   6221,   2359,  10199,   8411,  43818,   4633,  13444,  36808,     25,   2827,
71.7,   2570,    258,      0,   6221,   2363,  10196,   8401,  43818,   4633,  13444,  36808,     26,   2827,
71.7,   2570,    258,      0,   6221,   2368,  10199,   8395,  43818,   4633,  13444,  36808,     27,   2827,
71.7,   2570,    258,      0,   6229,   2372,  10203,   8387,  43818,   4633,  13444,  36808,     28,   2827,
71.7,   2570,    258,      0,   6221,   2377,  10198,   8377,  43818,   4633,  13444,  36808,     29,   2827,
71.7,   2570,    258,      0,   6215,   2379,  10193,   8369,  43818,   4633,  13444,  36808,     30,   2827,
71.7,   2570,    258,      0,   6229,   2384,  10203,   8363,  43818,   4633,  13444,  36808,     31,   2827,
71.7,   2570,    258,      0,   6256,   2390,  10216,   8349,  43818,   4633,  13444,  36808,     32,   2827,
71.7,   2570,    258,      0,   6221,   2393,  10198,   8344,  43818,   4633,  13444,  36808,     33,   2827,
71.7,   2570,    258,      0,   6201,   2398,  10185,   8335,  43818,   4633,  13444,  36808,     34,   2827,
71.7,   2570,    258,      0,   6229,   2405,  10201,   8323,  43818,   4633,  13444,  36808,     35,   2827,
2.7,   2570,    258,      0,   2482,   2238,   8302,   8643,  41770,   4633,  12420,  36808,      1,   2827,
2.7,   2570,    258,      0,   1256,   2224,   7782,   8670,  41770,   4633,  12420,  36808,     10,   2827,
2.7,   2570,    258,      0,   1256,   2224,   7780,   8669,  41770,   4633,  12420,  36808,     11,   2827,
2.7,   2570,    258,      0,   1246,   2218,   7777,   8680,  41770,   4633,  12420,  36808,     12,   2827,
2.7,   2570,    258,      0,   1256,   2220,   7780,   8676,  41770,   4633,  12420,  36808,     13,   2827,
2.7,   2570,    258,      0,   1246,   2218,   7778,   8681,  41770,   4633,  12420,  36808,     14,   2827,
2.7,   2570,    258,      0,   1267,   2216,   7784,   8684,  41770,   4633,  12420,  36808,     15,   2827,
2.7,   2570,    258,      0,   1256,   2214,   7781,   8689,  41770,   4633,  12420,  36808,     16,   2827,
2.7,   2570,    258,      0,   1246,   2210,   7778,   8696,  41770,   4633,  12420,  36808,     17,   2827,
2.7,   2570,    258,      0,   1267,   2210,   7784,   8696,  41770,   4633,  12420,  36808,     18,   2827,
2.7,   2570,    258,      0,   1256,   2208,   7782,   8700,  41770,   4633,  12420,  36808,     19,   2827,
2.7,   2570,    258,      0,   1267,   2204,   7787,   8708,  41770,   4633,  12420,  36808,     20,   2827,
2.7,   2570,    258,      0,   1267,   2201,   7785,   8712,  41770,   4633,  12420,  36808,     21,   2827,
2.7,   2570,    258,      0,   1277,   2199,   7788,   8716,  41770,   4633,  12420,  36808,     22,   2827,
2.7,   2570,    258,      0,   1277,   2199,   7791,   8719,  41770,   4633,  12420,  36808,     23,   2827,
2.7,   2570,    258,      0,   1267,   2198,   7787,   8720,  41770,   4633,  12420,  36808,     24,   2827,
2.7,   2570,    258,      0,   1277,   2193,   7789,   8729,  41770,   4633,  12420,  36808,     25,   2827,
2.7,   2570,    258,      0,   1277,   2193,   7791,   8729,  41770,   4633,  12420,  36808,     26,   2827,
2.7,   2570,    258,      0,   1286,   2189,   7793,   8738,  41770,   4633,  12420,  36808,     27,   2827,
2.7,   2570,    258,      0,   1286,   2187,   7795,   8743,  41770,   4633,  12420,  36808,     28,   2827,
2.7,   2570,    258,      0,   1296,   2185,   7796,   8746,  41770,   4633,  12420,  36808,     29,   2827,
2.7,   2570,    258,      0,   1286,   2183,   7793,   8751,  41770,   4633,  12420,  36808,     30,   2827,
2.7,   2570,    258,      0,   1296,   2183,   7799,   8750,  41770,   4633,  12420,  36808,     31,   2827,
2.7,   2570,    258,      0,   1296,   2179,   7799,   8757,  41770,   4633,  12420,  36808,     32,   2827,
2.7,   2570,    258,      0,   1286,   2177,   7794,   8761,  41770,   4633,  12420,  36808,     33,   2827,
2.7,   2570,    258,      0,   1296,   2174,   7799,   8765,  41770,   4633,  12420,  36808,     34,   2827,
2.7,   2570,    258,      0,   1306,   2172,   7802,   8769,  41770,   4633,  12420,  36808,     35,   2827,
