3.6,   2570,    258,      0,   3276,   2154,   8660,   8806,  19432,  55858,   5883,    609,      1,   2827,
3.6,   2570,    258,      0,   1730,   2147,   7976,   8817,  19432,  55858,   5883,    609,     17,   2827,
3.6,   2570,    258,      0,   1711,   2147,   7970,   8818,  19432,  55858,   5883,    609,     18,   2827,
3.6,   2570,    258,      0,   1719,   2145,   7973,   8823,  19432,  55858,   5883,    609,     19,   2827,
3.6,   2570,    258,      0,   1719,   2143,   7972,   8827,  19432,  55858,   5883,    609,     20,   2827,
3.6,   2570,    258,      0,   1711,   2143,   7971,   8826,  19432,  55858,   5883,    609,     21,   2827,
3.6,   2570,    258,      0,   1719,   2141,   7972,   8830,  19432,  55858,   5883,    609,     22,   2827,
3.6,   2570,    258,      0,   1711,   2138,   7970,   8833,  19432,  55858,   5883,    609,     23,   2827,
3.6,   2570,    258,      0,   1719,   2136,   7973,   8838,  19432,  55858,   5883,    609,     24,   2827,
3.6,   2570,    258,      0,   1730,   2136,   7976,   8839,  19432,  55858,   5883,    609,     25,   2827,
3.6,   2570,    258,      0,   1730,   2133,   7976,   8845,  19432,  55858,   5883,    609,     26,   2827,
3.6,   2570,    258,      0,   1719,   2133,   7975,   8847,  19432,  55858,   5883,    609,     27,   2827,
3.6,   2570,    258,      0,   1730,   2128,   7977,   8852,  19432,  55858,   5883,    609,     28,   2827,
3.6,   2570,    258,      0,   1719,   2128,   7975,   8853,  19432,  55858,   5883,    609,     29,   2827,
3.6,   2570,    258,      0,   1730,   2126,   7976,   8856,  19432,  55858,   5883,    609,     30,   2827,
3.6,   2570,    258,      0,   1730,   2126,   7979,   8859,  19432,  55858,   5883,    609,     31,   2827,
3.6,   2570,    258,      0,   1730,   2124,   7977,   8860,  19432,  55858,   5883,    609,     32,   2827,
3.6,   2570,    258,      0,   1730,   2123,   7978,   8865,  19432,  55858,   5883,    609,     33,   2827,
3.6,   2570,    258,      0,   1730,   2120,   7977,   8869,  19432,  55858,   5883,    609,     34,   2827,
3.6,   2570,    258,      0,   1740,   2120,   7982,   8870,  19432,  55858,   5883,    609,     35,   2827,
3.6,   2570,    258,      0,   1730,   2118,   7977,   8874,  19432,  55858,   5883,    609,     36,   2827,
3.6,   2570,    258,      0,   1740,   2116,   7981,   8876,  19432,  55858,   5883,    609,     37,   2827,
3.6,   2570,    258,      0,   1740,   2114,   7982,   8880,  19432,  55858,   5883,    609,     38,   2827,
3.6,   2570,    258,      0,   1740,   2114,   7983,   8882,  19432,  55858,   5883,    609,     39,   2827,
3.6,   2570,    258,      0,   1748,   2110,   7986,   8888,  19432,  55858,   5883,    609,     40,   2827,
3.6,   2570,    258,      0,   1748,   2108,   7986,   8892,  19432,  55858,   5883,    609,     41,   2827,
3.6,   2570,    258,      0,   1748,   2108,   7984,   8894,  19432,  55858,   5883,    609,     42,   2827,
35.8,   2570,    258,      0,   2903,   2397,   8489,   8336,  18920,  55858,  13531,    609,      1,   2827,
35.8,   2570,    258,      0,   3684,   2403,   8853,   8325,  18920,  55858,  13531,    609,     13,   2827,
35.8,   2570,    258,      0,   3684,   2403,   8852,   8325,  18920,  55858,  13531,    609,     14,   2827,
35.8,   2570,    258,      0,   3684,   2405,   8852,   8323,  18920,  55858,  13531,    609,     15,   2827,
35.8,   2570,    258,      0,   3666,   2407,   8846,   8319,  18920,  55858,  13531,    609,     16,   2827,
35.8,   2570,    258,      0,   3666,   2405,   8847,   8322,  18920,  55858,  13531,    609,     17,   2827,
35.8,   2570,    258,      0,   3666,   2407,   8844,   8319,  18920,  55858,  13531,    609,     18,   2827,
35.8,   2570,    258,      0,   3666,   2403,   8845,   8324,  18920,  55858,  13531,    609,     19,   2827,
35.8,   2570,    258,      0,   3658,   2407,   8843,   8316,  18920,  55858,  13531,    609,     20,   2827,
35.8,   2570,    258,      0,   3666,   2409,   8844,   8314,  18920,  55858,  13531,    609,     21,   2827,
35.8,   2570,    258,      0,   3666,   2412,   8845,   8308,  18920,  55858,  13531,    609,     22,   2827,
35.8,   2570,    258,      0,   3658,   2412,   8841,   8309,  18920,  55858,  13531,    609,     23,   2827,
35.8,   2570,    258,      0,   3658,   2412,   8840,   8309,  18920,  55858,  13531,    609,     24,   2827,
35.8,   2570,    258,      0,   3650,   2413,   8839,   8305,  18920,  55858,  13531,    609,     25,   2827,
35.8,   2570,    258,      0,   3650,   2413,   8838,   8304,  18920,  55858,  13531,    609,     26,   2827,
35.8,   2570,    258,      0,   3650,   2416,   8836,   8303,  18920,  55858,  13531,    609,     27,   2827,
35.8,   2570,    258,      0,   3642,   2416,   8834,   8303,  18920,  55858,  13531,    609,     28,   2827,
35.8,   2570,    258,      0,   3642,   2416,   8834,   8300,  18920,  55858,  13531,    609,     29,   2827,
35.8,   2570,    258,      0,   3634,   2417,   8831,   8298,  18920,  55858,  13531,    609,     30,   2827,
35.8,   2570,    258,      0,   3634,   2416,   8831,   8300,  18920,  55858,  13531,    609,     31,   2827,
35.8,   2570,    258,      0,   3634,   2417,   8831,   8296,  18920,  55858,  13531,    609,     32,   2827,
35.8,   2570,    258,      0,   3642,   2420,   8834,   8295,  18920,  55858,  13531,    609,     33,   2827,
35.8,   2570,    258,      0,   3634,   2420,   8831,   8293,  18920,  55858,  13531,    609,     34,   2827,
35.8,   2570,    258,      0,   3634,   2422,   8828,   8290,  18920,  55858,  13531,    609,     35,   2827,
35.8,   2570,    258,      0,   3634,   2424,   8830,   8285,  18920,  55858,  13531,    609,     36,   2827,
35.8,   2570,    258,      0,   3634,   2426,   8829,   8282,  18920,  55858,  13531,    609,     37,   2827,
71.3,   2570,    258,      0,   3079,   2228,   8569,   8663,  18920,  55858,  13051,    609,      1,   2827,
71.3,   2570,    258,      0,   6323,   2257,  10256,   8607,  18920,  55858,  13051,    609,     97,   2827,
71.3,   2570,    258,      0,   6323,   2261,  10258,   8598,  18920,  55858,  13051,    609,     98,   2827,
71.3,   2570,    258,      0,   6317,   2263,  10255,   8595,  18920,  55858,  13051,    609,     99,   2827,
71.3,   2570,    258,      0,   6323,   2266,  10258,   8588,  18920,  55858,  13051,    609,    100,   2827,
71.3,   2570,    258,      0,   6317,   2269,  10255,   8580,  18920,  55858,  13051,    609,    101,   2827,
71.3,   2570,    258,      0,   6296,   2272,  10242,   8578,  18920,  55858,  13051,    609,    102,   2827,
71.3,   2570,    258,      0,   6290,   2276,  10236,   8570,  18920,  55858,  13051,    609,    103,   2827,
71.3,   2570,    258,      0,   6277,   2278,  10229,   8565,  18920,  55858,  13051,    609,    104,   2827,
71.3,   2570,    258,      0,   6277,   2281,  10230,   8559,  18920,  55858,  13051,    609,    105,   2827,
71.3,   2570,    258,      0,   6269,   2285,  10226,   8552,  18920,  55858,  13051,    609,    106,   2827,
71.3,   2570,    258,      0,   6277,   2288,  10229,   8546,  18920,  55858,  13051,    609,    107,   2827,
71.3,   2570,    258,      0,   6290,   2293,  10237,   8537,  18920,  55858,  13051,    609,    108,   2827,
71.3,   2570,    258,      0,   6269,   2295,  10227,   8535,  18920,  55858,  13051,    609,    109,   2827,
71.3,   2570,    258,      0,   6262,   2297,  10223,   8530,  18920,  55858,  13051,    609,    110,   2827,
71.3,   2570,    258,      0,   6262,   2304,  10223,   8519,  18920,  55858,  13051,    609,    111,   2827,
71.3,   2570,    258,      0,   6290,   2307,  10237,   8510,  18920,  55858,  13051,    609,    112,   2827,
71.3,   2570,    258,      0,   6317,   2311,  10254,   8501,  18920,  55858,  13051,    609,    113,   2827,
71.3,   2570,    258,      0,   6364,   2315,  10280,   8495,  18920,  55858,  13051,    609,    114,   2827,
71.3,   2570,    258,      0,   6364,   2320,  10281,   8485,  18920,  55858,  13051,    609,    115,   2827,
71.3,   2570,    258,      0,   6351,   2325,  10275,   8475,  18920,  55858,  13051,    609,    116,   2827,
71.3,   2570,    258,      0,   6317,   2330,  10253,   8464,  18920,  55858,  13051,    609,    117,   2827,
71.3,   2570,    258,      0,   6296,   2334,  10240,   8458,  18920,  55858,  13051,    609,    118,   2827,
71.3,   2570,    258,      0,   6290,   2336,  10237,   8453,  18920,  55858,  13051,    609,    119,   2827,
71.3,   2570,    258,      0,   6283,   2344,  10235,   8439,  18920,  55858,  13051,    609,    120,   2827,
71.3,   2570,    258,      0,   6242,   2347,  10208,   8434,  18920,  55858,  13051,    609,    121,   2827,
71.3,   2570,    258,      0,   6215,   2351,  10192,   8427,  18920,  55858,  13051,    609,    122,   2827,
