36,   2570,    258,      0,   3104,   2269,   8582,   8582,  40352,  31877,  58916,  30970,      1,   2827,
36,   2570,    258,      0,   3940,   2301,   8978,   8523,  40352,  31877,  58916,  30970,     97,   2827,
36,   2570,    258,      0,   3948,   2298,   8980,   8524,  40352,  31877,  58916,  30970,     98,   2827,
36,   2570,    258,      0,   3948,   2301,   8983,   8521,  40352,  31877,  58916,  30970,     99,   2827,
36,   2570,    258,      0,   3940,   2305,   8979,   8515,  40352,  31877,  58916,  30970,    100,   2827,
36,   2570,    258,      0,   3932,   2305,   8975,   8513,  40352,  31877,  58916,  30970,    101,   2827,
36,   2570,    258,      0,   3932,   2305,   8974,   8514,  40352,  31877,  58916,  30970,    102,   2827,
36,   2570,    258,      0,   3932,   2305,   8973,   8512,  40352,  31877,  58916,  30970,    103,   2827,
36,   2570,    258,      0,   3940,   2307,   8977,   8509,  40352,  31877,  58916,  30970,    104,   2827,
36,   2570,    258,      0,   3932,   2308,   8975,   8507,  40352,  31877,  58916,  30970,    105,   2827,
36,   2570,    258,      0,   3924,   2308,   8970,   8505,  40352,  31877,  58916,  30970,    106,   2827,
36,   2570,    258,      0,   3924,   2307,   8969,   8509,  40352,  31877,  58916,  30970,    107,   2827,
36,   2570,    258,      0,   3915,   2308,   8965,   8506,  40352,  31877,  58916,  30970,    108,   2827,
36,   2570,    258,      0,   3907,   2308,   8961,   8505,  40352,  31877,  58916,  30970,    109,   2827,
36,   2570,    258,      0,   3907,   2311,   8960,   8501,  40352,  31877,  58916,  30970,    110,   2827,
36,   2570,    258,      0,   3907,   2314,   8961,   8496,  40352,  31877,  58916,  30970,    111,   2827,
36,   2570,    258,      0,   3907,   2314,   8963,   8496,  40352,  31877,  58916,  30970,    112,   2827,
36,   2570,    258,      0,   3915,   2314,   8964,   8497,  40352,  31877,  58916,  30970,    113,   2827,
36,   2570,    258,      0,   3907,   2315,   8963,   8495,  40352,  31877,  58916,  30970,    114,   2827,
36,   2570,    258,      0,   3907,   2317,   8962,   8490,  40352,  31877,  58916,  30970,    115,   2827,
36,   2570,    258,      0,   3924,   2315,   8969,   8495,  40352,  31877,  58916,  30970,    116,   2827,
36,   2570,    258,      0,   3915,   2320,   8967,   8487,  40352,  31877,  58916,  30970,    117,   2827,
36,   2570,    258,      0,   3915,   2317,   8966,   8488,  40352,  31877,  58916,  30970,    118,   2827,
36,   2570,    258,      0,   3915,   2320,   8967,   8485,  40352,  31877,  58916,  30970,    119,   2827,
36,   2570,    258,      0,   3907,   2322,   8963,   8480,  40352,  31877,  58916,  30970,    120,   2827,
36,   2570,    258,      0,   3907,   2322,   8960,   8482,  40352,  31877,  58916,  30970,    121,   2827,
36,   2570,    258,      0,   3891,   2324,   8953,   8478,  40352,  31877,  58916,  30970,    122,   2827,
