22.7,   2570,    258,      0,   2797,   2288,   8440,   8546,  56396,  59140,  49252,  31747,      1,   2827,
22.7,   2570,    258,      0,   2427,   2314,   8276,   8498,  56396,  59140,  49252,  31747,     52,   2827,
22.7,   2570,    258,      0,   2419,   2314,   8274,   8497,  56396,  59140,  49252,  31747,     53,   2827,
22.7,   2570,    258,      0,   2427,   2314,   8276,   8498,  56396,  59140,  49252,  31747,     54,   2827,
22.7,   2570,    258,      0,   2419,   2315,   8274,   8494,  56396,  59140,  49252,  31747,     55,   2827,
22.7,   2570,    258,      0,   2427,   2315,   8277,   8495,  56396,  59140,  49252,  31747,     56,   2827,
22.7,   2570,    258,      0,   2419,   2315,   8272,   8493,  56396,  59140,  49252,  31747,     57,   2827,
22.7,   2570,    258,      0,   2419,   2315,   8274,   8492,  56396,  59140,  49252,  31747,     58,   2827,
22.7,   2570,    258,      0,   2419,   2317,   8274,   8488,  56396,  59140,  49252,  31747,     59,   2827,
22.7,   2570,    258,      0,   2419,   2317,   8275,   8489,  56396,  59140,  49252,  31747,     60,   2827,
22.7,   2570,    258,      0,   2419,   2317,   8275,   8488,  56396,  59140,  49252,  31747,     61,   2827,
22.7,   2570,    258,      0,   2427,   2320,   8278,   8486,  56396,  59140,  49252,  31747,     62,   2827,
22.7,   2570,    258,      0,   2419,   2320,   8275,   8485,  56396,  59140,  49252,  31747,     63,   2827,
22.7,   2570,    258,      0,   2427,   2320,   8276,   8485,  56396,  59140,  49252,  31747,     64,   2827,
22.7,   2570,    258,      0,   2419,   2322,   8275,   8482,  56396,  59140,  49252,  31747,     65,   2827,
22.7,   2570,    258,      0,   2409,   2320,   8270,   8484,  56396,  59140,  49252,  31747,     66,   2827,
22.7,   2570,    258,      0,   2419,   2322,   8273,   8482,  56396,  59140,  49252,  31747,     67,   2827,
22.7,   2570,    258,      0,   2427,   2320,   8276,   8484,  56396,  59140,  49252,  31747,     68,   2827,
22.7,   2570,    258,      0,   2427,   2322,   8277,   8481,  56396,  59140,  49252,  31747,     69,   2827,
22.7,   2570,    258,      0,   2419,   2322,   8274,   8480,  56396,  59140,  49252,  31747,     70,   2827,
22.7,   2570,    258,      0,   2419,   2322,   8275,   8482,  56396,  59140,  49252,  31747,     71,   2827,
22.7,   2570,    258,      0,   2419,   2324,   8273,   8477,  56396,  59140,  49252,  31747,     72,   2827,
22.7,   2570,    258,      0,   2427,   2324,   8278,   8478,  56396,  59140,  49252,  31747,     73,   2827,
22.7,   2570,    258,      0,   2419,   2322,   8273,   8480,  56396,  59140,  49252,  31747,     74,   2827,
22.7,   2570,    258,      0,   2427,   2324,   8277,   8476,  56396,  59140,  49252,  31747,     75,   2827,
22.7,   2570,    258,      0,   2419,   2324,   8275,   8478,  56396,  59140,  49252,  31747,     76,   2827,
22.7,   2570,    258,      0,   2427,   2325,   8276,   8474,  56396,  59140,  49252,  31747,     77,   2827,
