71.3,   2570,    258,      0,   3482,   2253,   8758,   8613,  22958,  27285,      7,  17574,      1,   2827,
71.3,   2570,    258,      0,   6940,   2272,  10633,   8579,  22958,  27285,      7,  17574,     10,   2827,
71.3,   2570,    258,      0,   6940,   2275,  10635,   8574,  22958,  27285,      7,  17574,     11,   2827,
71.3,   2570,    258,      0,   6947,   2276,  10637,   8571,  22958,  27285,      7,  17574,     12,   2827,
71.3,   2570,    258,      0,   6960,   2281,  10644,   8558,  22958,  27285,      7,  17574,     13,   2827,
71.3,   2570,    258,      0,   6960,   2287,  10646,   8551,  22958,  27285,      7,  17574,     14,   2827,
71.3,   2570,    258,      0,   6973,   2288,  10653,   8544,  22958,  27285,      7,  17574,     15,   2827,
71.3,   2570,    258,      0,   6954,   2293,  10642,   8538,  22958,  27285,      7,  17574,     16,   2827,
71.3,   2570,    258,      0,   6954,   2297,  10641,   8531,  22958,  27285,      7,  17574,     17,   2827,
71.3,   2570,    258,      0,   6934,   2298,  10629,   8527,  22958,  27285,      7,  17574,     18,   2827,
71.3,   2570,    258,      0,   6922,   2304,  10623,   8519,  22958,  27285,      7,  17574,     19,   2827,
71.3,   2570,    258,      0,   6909,   2307,  10615,   8508,  22958,  27285,      7,  17574,     20,   2827,
71.3,   2570,    258,      0,   6909,   2308,  10613,   8506,  22958,  27285,      7,  17574,     21,   2827,
71.3,   2570,    258,      0,   6903,   2314,  10610,   8497,  22958,  27285,      7,  17574,     22,   2827,
71.3,   2570,    258,      0,   6895,   2317,  10604,   8490,  22958,  27285,      7,  17574,     23,   2827,
71.3,   2570,    258,      0,   6883,   2317,  10599,   8488,  22958,  27285,      7,  17574,     24,   2827,
71.3,   2570,    258,      0,   6871,   2324,  10591,   8478,  22958,  27285,      7,  17574,     25,   2827,
71.3,   2570,    258,      0,   6863,   2325,  10587,   8472,  22958,  27285,      7,  17574,     26,   2827,
71.3,   2570,    258,      0,   6871,   2330,  10588,   8466,  22958,  27285,      7,  17574,     27,   2827,
71.3,   2570,    258,      0,   6889,   2334,  10600,   8458,  22958,  27285,      7,  17574,     28,   2827,
71.3,   2570,    258,      0,   6895,   2336,  10606,   8453,  22958,  27285,      7,  17574,     29,   2827,
71.3,   2570,    258,      0,   6877,   2343,  10595,   8441,  22958,  27285,      7,  17574,     30,   2827,
71.3,   2570,    258,      0,   6895,   2347,  10606,   8433,  22958,  27285,      7,  17574,     31,   2827,
71.3,   2570,    258,      0,   6883,   2351,  10597,   8426,  22958,  27285,      7,  17574,     32,   2827,
71.3,   2570,    258,      0,   6844,   2352,  10575,   8420,  22958,  27285,      7,  17574,     33,   2827,
71.3,   2570,    258,      0,   6818,   2357,  10556,   8413,  22958,  27285,      7,  17574,     34,   2827,
