24.1,   2570,    258,      0,   4681,   2384,   9349,   8360,  19672,   5996,  18693,  43016,      1,   2827,
24.1,   2570,    258,      0,   3767,   2374,   8895,   8380,  19672,   5996,  18693,  43016,     15,   2827,
24.1,   2570,    258,      0,   3767,   2377,   8895,   8377,  19672,   5996,  18693,  43016,     16,   2827,
24.1,   2570,    258,      0,   3767,   2374,   8892,   8382,  19672,   5996,  18693,  43016,     17,   2827,
24.1,   2570,    258,      0,   3758,   2374,   8891,   8381,  19672,   5996,  18693,  43016,     18,   2827,
24.1,   2570,    258,      0,   3758,   2377,   8888,   8378,  19672,   5996,  18693,  43016,     19,   2827,
24.1,   2570,    258,      0,   3758,   2374,   8891,   8381,  19672,   5996,  18693,  43016,     20,   2827,
24.1,   2570,    258,      0,   3758,   2374,   8889,   8381,  19672,   5996,  18693,  43016,     21,   2827,
24.1,   2570,    258,      0,   3750,   2372,   8887,   8386,  19672,   5996,  18693,  43016,     22,   2827,
24.1,   2570,    258,      0,   3741,   2372,   8881,   8384,  19672,   5996,  18693,  43016,     23,   2827,
24.1,   2570,    258,      0,   3750,   2374,   8886,   8381,  19672,   5996,  18693,  43016,     24,   2827,
24.1,   2570,    258,      0,   3750,   2372,   8886,   8385,  19672,   5996,  18693,  43016,     25,   2827,
24.1,   2570,    258,      0,   3750,   2374,   8885,   8383,  19672,   5996,  18693,  43016,     26,   2827,
24.1,   2570,    258,      0,   3750,   2372,   8884,   8385,  19672,   5996,  18693,  43016,     27,   2827,
24.1,   2570,    258,      0,   3741,   2372,   8883,   8386,  19672,   5996,  18693,  43016,     28,   2827,
24.1,   2570,    258,      0,   3741,   2372,   8882,   8385,  19672,   5996,  18693,  43016,     29,   2827,
24.1,   2570,    258,      0,   3741,   2374,   8883,   8381,  19672,   5996,  18693,  43016,     30,   2827,
24.1,   2570,    258,      0,   3741,   2372,   8883,   8386,  19672,   5996,  18693,  43016,     31,   2827,
24.1,   2570,    258,      0,   3733,   2372,   8879,   8384,  19672,   5996,  18693,  43016,     32,   2827,
24.1,   2570,    258,      0,   3741,   2372,   8881,   8384,  19672,   5996,  18693,  43016,     33,   2827,
24.1,   2570,    258,      0,   3733,   2374,   8878,   8383,  19672,   5996,  18693,  43016,     34,   2827,
24.1,   2570,    258,      0,   3733,   2372,   8879,   8384,  19672,   5996,  18693,  43016,     35,   2827,
24.1,   2570,    258,      0,   3733,   2372,   8879,   8384,  19672,   5996,  18693,  43016,     36,   2827,
24.1,   2570,    258,      0,   3741,   2372,   8880,   8386,  19672,   5996,  18693,  43016,     37,   2827,
24.1,   2570,    258,      0,   3741,   2372,   8881,   8385,  19672,   5996,  18693,  43016,     38,   2827,
24.1,   2570,    258,      0,   3733,   2372,   8876,   8385,  19672,   5996,  18693,  43016,     39,   2827,
