69.1,   2570,    258,      0,   1158,   2308,   7740,   8504,  17752,  49951,   5078,   9760,      1,   2827,
69.1,   2570,    258,      0,   4650,   2332,   9334,   8460,  17752,  49951,   5078,   9760,     12,   2827,
69.1,   2570,    258,      0,   4619,   2336,   9319,   8454,  17752,  49951,   5078,   9760,     13,   2827,
69.1,   2570,    258,      0,   4603,   2336,   9308,   8452,  17752,  49951,   5078,   9760,     14,   2827,
69.1,   2570,    258,      0,   4587,   2338,   9302,   8450,  17752,  49951,   5078,   9760,     15,   2827,
69.1,   2570,    258,      0,   4603,   2344,   9308,   8437,  17752,  49951,   5078,   9760,     16,   2827,
69.1,   2570,    258,      0,   4619,   2344,   9318,   8437,  17752,  49951,   5078,   9760,     17,   2827,
69.1,   2570,    258,      0,   4619,   2349,   9319,   8428,  17752,  49951,   5078,   9760,     18,   2827,
69.1,   2570,    258,      0,   4619,   2351,   9317,   8427,  17752,  49951,   5078,   9760,     19,   2827,
69.1,   2570,    258,      0,   4611,   2352,   9315,   8421,  17752,  49951,   5078,   9760,     20,   2827,
69.1,   2570,    258,      0,   4611,   2356,   9314,   8416,  17752,  49951,   5078,   9760,     21,   2827,
69.1,   2570,    258,      0,   4603,   2359,   9311,   8409,  17752,  49951,   5078,   9760,     22,   2827,
69.1,   2570,    258,      0,   4587,   2363,   9303,   8401,  17752,  49951,   5078,   9760,     23,   2827,
69.1,   2570,    258,      0,   4587,   2366,   9303,   8398,  17752,  49951,   5078,   9760,     24,   2827,
69.1,   2570,    258,      0,   4603,   2369,   9311,   8391,  17752,  49951,   5078,   9760,     25,   2827,
69.1,   2570,    258,      0,   4611,   2372,   9312,   8385,  17752,  49951,   5078,   9760,     26,   2827,
69.1,   2570,    258,      0,   4580,   2377,   9299,   8378,  17752,  49951,   5078,   9760,     27,   2827,
69.1,   2570,    258,      0,   4580,   2378,   9297,   8373,  17752,  49951,   5078,   9760,     28,   2827,
69.1,   2570,    258,      0,   4580,   2383,   9298,   8364,  17752,  49951,   5078,   9760,     29,   2827,
69.1,   2570,    258,      0,   4572,   2384,   9295,   8360,  17752,  49951,   5078,   9760,     30,   2827,
69.1,   2570,    258,      0,   4572,   2390,   9293,   8351,  17752,  49951,   5078,   9760,     31,   2827,
69.1,   2570,    258,      0,   4556,   2393,   9285,   8345,  17752,  49951,   5078,   9760,     32,   2827,
69.1,   2570,    258,      0,   4541,   2397,   9279,   8338,  17752,  49951,   5078,   9760,     33,   2827,
69.1,   2570,    258,      0,   4548,   2402,   9280,   8331,  17752,  49951,   5078,   9760,     34,   2827,
69.1,   2570,    258,      0,   4548,   2405,   9281,   8323,  17752,  49951,   5078,   9760,     35,   2827,
69.1,   2570,    258,      0,   4532,   2407,   9274,   8316,  17752,  49951,   5078,   9760,     36,   2827,
69.1,   2570,    258,      0,   4532,   2413,   9272,   8305,  17752,  49951,   5078,   9760,     37,   2827,
2.9,   2570,    258,      0,   1198,   2177,   7758,   8761,  17736,  54047,   5078,   9760,      1,   2827,
2.9,   2570,    258,      0,  64954,   2158,   7069,   8796,  17736,  54047,   5078,   9760,     15,   2827,
2.9,   2570,    258,      0,  64954,   2158,   7070,   8799,  17736,  54047,   5078,   9760,     16,   2827,
2.9,   2570,    258,      0,  64943,   2155,   7067,   8803,  17736,  54047,   5078,   9760,     17,   2827,
2.9,   2570,    258,      0,  64965,   2154,   7072,   8806,  17736,  54047,   5078,   9760,     18,   2827,
2.9,   2570,    258,      0,  64965,   2150,   7073,   8812,  17736,  54047,   5078,   9760,     19,   2827,
2.9,   2570,    258,      0,  64976,   2147,   7076,   8816,  17736,  54047,   5078,   9760,     20,   2827,
2.9,   2570,    258,      0,  64976,   2147,   7079,   8817,  17736,  54047,   5078,   9760,     21,   2827,
2.9,   2570,    258,      0,  64965,   2145,   7074,   8823,  17736,  54047,   5078,   9760,     22,   2827,
2.9,   2570,    258,      0,  64976,   2143,   7079,   8825,  17736,  54047,   5078,   9760,     23,   2827,
2.9,   2570,    258,      0,  64976,   2143,   7078,   8825,  17736,  54047,   5078,   9760,     24,   2827,
2.9,   2570,    258,      0,  64987,   2141,   7081,   8831,  17736,  54047,   5078,   9760,     25,   2827,
2.9,   2570,    258,      0,  64998,   2138,   7085,   8832,  17736,  54047,   5078,   9760,     26,   2827,
2.9,   2570,    258,      0,  64976,   2136,   7078,   8836,  17736,  54047,   5078,   9760,     27,   2827,
2.9,   2570,    258,      0,  64987,   2136,   7082,   8839,  17736,  54047,   5078,   9760,     28,   2827,
2.9,   2570,    258,      0,  64987,   2133,   7081,   8845,  17736,  54047,   5078,   9760,     29,   2827,
2.9,   2570,    258,      0,  64976,   2131,   7077,   8848,  17736,  54047,   5078,   9760,     30,   2827,
2.9,   2570,    258,      0,  64998,   2128,   7085,   8852,  17736,  54047,   5078,   9760,     31,   2827,
2.9,   2570,    258,      0,  64998,   2126,   7085,   8856,  17736,  54047,   5078,   9760,     32,   2827,
2.9,   2570,    258,      0,  64998,   2124,   7084,   8861,  17736,  54047,   5078,   9760,     33,   2827,
2.9,   2570,    258,      0,  64998,   2123,   7086,   8864,  17736,  54047,   5078,   9760,     34,   2827,
2.9,   2570,    258,      0,  65020,   2123,   7092,   8866,  17736,  54047,   5078,   9760,     35,   2827,
2.9,   2570,    258,      0,  64998,   2120,   7087,   8871,  17736,  54047,   5078,   9760,     36,   2827,
2.9,   2570,    258,      0,  65008,   2118,   7091,   8873,  17736,  54047,   5078,   9760,     37,   2827,
2.9,   2570,    258,      0,  65020,   2116,   7094,   8878,  17736,  54047,   5078,   9760,     38,   2827,
2.9,   2570,    258,      0,  65020,   2111,   7092,   8884,  17736,  54047,   5078,   9760,     39,   2827,
2.9,   2570,    258,      0,  65030,   2111,   7096,   8885,  17736,  54047,   5078,   9760,     40,   2827,
34.9,   2570,    258,      0,   1119,   2249,   7724,   8620,  17752,  54047,   5078,   9760,      1,   2827,
34.9,   2570,    258,      0,   1863,   2257,   8032,   8607,  17752,  54047,   5078,   9760,     13,   2827,
34.9,   2570,    258,      0,   1863,   2257,   8033,   8606,  17752,  54047,   5078,   9760,     14,   2827,
34.9,   2570,    258,      0,   1871,   2257,   8036,   8604,  17752,  54047,   5078,   9760,     15,   2827,
34.9,   2570,    258,      0,   1852,   2257,   8030,   8606,  17752,  54047,   5078,   9760,     16,   2827,
34.9,   2570,    258,      0,   1852,   2257,   8030,   8604,  17752,  54047,   5078,   9760,     17,   2827,
34.9,   2570,    258,      0,   1863,   2261,   8033,   8598,  17752,  54047,   5078,   9760,     18,   2827,
34.9,   2570,    258,      0,   1863,   2260,   8035,   8601,  17752,  54047,   5078,   9760,     19,   2827,
34.9,   2570,    258,      0,   1863,   2260,   8033,   8601,  17752,  54047,   5078,   9760,     20,   2827,
34.9,   2570,    258,      0,   1852,   2261,   8030,   8596,  17752,  54047,   5078,   9760,     21,   2827,
34.9,   2570,    258,      0,   1852,   2263,   8029,   8593,  17752,  54047,   5078,   9760,     22,   2827,
34.9,   2570,    258,      0,   1852,   2263,   8031,   8594,  17752,  54047,   5078,   9760,     23,   2827,
34.9,   2570,    258,      0,   1852,   2263,   8030,   8595,  17752,  54047,   5078,   9760,     24,   2827,
34.9,   2570,    258,      0,   1843,   2266,   8025,   8591,  17752,  54047,   5078,   9760,     25,   2827,
34.9,   2570,    258,      0,   1852,   2266,   8029,   8590,  17752,  54047,   5078,   9760,     26,   2827,
34.9,   2570,    258,      0,   1843,   2268,   8025,   8587,  17752,  54047,   5078,   9760,     27,   2827,
34.9,   2570,    258,      0,   1835,   2268,   8021,   8586,  17752,  54047,   5078,   9760,     28,   2827,
34.9,   2570,    258,      0,   1824,   2268,   8017,   8586,  17752,  54047,   5078,   9760,     29,   2827,
34.9,   2570,    258,      0,   1824,   2269,   8019,   8582,  17752,  54047,   5078,   9760,     30,   2827,
34.9,   2570,    258,      0,   1815,   2269,   8015,   8581,  17752,  54047,   5078,   9760,     31,   2827,
34.9,   2570,    258,      0,   1815,   2269,   8014,   8581,  17752,  54047,   5078,   9760,     32,   2827,
34.9,   2570,    258,      0,   1815,   2272,   8015,   8578,  17752,  54047,   5078,   9760,     33,   2827,
34.9,   2570,    258,      0,   1824,   2272,   8016,   8577,  17752,  54047,   5078,   9760,     34,   2827,
34.9,   2570,    258,      0,   1815,   2272,   8015,   8577,  17752,  54047,   5078,   9760,     35,   2827,
34.9,   2570,    258,      0,   1835,   2275,   8020,   8573,  17752,  54047,   5078,   9760,     36,   2827,
34.9,   2570,    258,      0,   1815,   2276,   8013,   8571,  17752,  54047,   5078,   9760,     37,   2827,
34.9,   2570,    258,      0,   1815,   2276,   8015,   8570,  17752,  54047,   5078,   9760,     38,   2827,
