72.5,   2570,    258,      0,   4216,   2325,   9113,   8474,  43785,  10394,  14664,   1355,      1,   2827,
72.5,   2570,    258,      0,   7366,   2347,  10907,   8434,  43785,  10394,  14664,   1355,      9,   2827,
72.5,   2570,    258,      0,   7354,   2351,  10896,   8427,  43785,  10394,  14664,   1355,     10,   2827,
72.5,   2570,    258,      0,   7341,   2356,  10890,   8418,  43785,  10394,  14664,   1355,     11,   2827,
72.5,   2570,    258,      0,   7336,   2356,  10884,   8416,  43785,  10394,  14664,   1355,     12,   2827,
72.5,   2570,    258,      0,   7323,   2357,  10877,   8413,  43785,  10394,  14664,   1355,     13,   2827,
72.5,   2570,    258,      0,   7317,   2361,  10875,   8406,  43785,  10394,  14664,   1355,     14,   2827,
72.5,   2570,    258,      0,   7341,   2366,  10889,   8397,  43785,  10394,  14664,   1355,     15,   2827,
72.5,   2570,    258,      0,   7354,   2372,  10896,   8387,  43785,  10394,  14664,   1355,     16,   2827,
72.5,   2570,    258,      0,   7341,   2374,  10891,   8381,  43785,  10394,  14664,   1355,     17,   2827,
72.5,   2570,    258,      0,   7329,   2378,  10883,   8373,  43785,  10394,  14664,   1355,     18,   2827,
72.5,   2570,    258,      0,   7336,   2383,  10886,   8364,  43785,  10394,  14664,   1355,     19,   2827,
72.5,   2570,    258,      0,   7323,   2387,  10876,   8357,  43785,  10394,  14664,   1355,     20,   2827,
72.5,   2570,    258,      0,   7292,   2390,  10857,   8350,  43785,  10394,  14664,   1355,     21,   2827,
72.5,   2570,    258,      0,   7281,   2393,  10848,   8345,  43785,  10394,  14664,   1355,     22,   2827,
72.5,   2570,    258,      0,   7262,   2397,  10836,   8338,  43785,  10394,  14664,   1355,     23,   2827,
72.5,   2570,    258,      0,   7242,   2402,  10825,   8330,  43785,  10394,  14664,   1355,     24,   2827,
72.5,   2570,    258,      0,   7230,   2403,  10819,   8325,  43785,  10394,  14664,   1355,     25,   2827,
72.5,   2570,    258,      0,   7230,   2407,  10816,   8317,  43785,  10394,  14664,   1355,     26,   2827,
72.5,   2570,    258,      0,   7218,   2409,  10811,   8315,  43785,  10394,  14664,   1355,     27,   2827,
72.5,   2570,    258,      0,   7237,   2413,  10820,   8304,  43785,  10394,  14664,   1355,     28,   2827,
72.5,   2570,    258,      0,   7249,   2417,  10829,   8297,  43785,  10394,  14664,   1355,     29,   2827,
72.5,   2570,    258,      0,   7249,   2422,  10831,   8290,  43785,  10394,  14664,   1355,     30,   2827,
72.5,   2570,    258,      0,   7273,   2429,  10845,   8279,  43785,  10394,  14664,   1355,     31,   2827,
72.5,   2570,    258,      0,   7286,   2433,  10853,   8271,  43785,  10394,  14664,   1355,     32,   2827,
72.5,   2570,    258,      0,   7281,   2434,  10850,   8264,  43785,  10394,  14664,   1355,     33,   2827,
72.5,   2570,    258,      0,   7292,   2442,  10856,   8251,  43785,  10394,  14664,   1355,     34,   2827,
2.9,   2570,    258,      0,   3948,   2216,   8981,   8686,  60171,  10394,   6488,   1611,      1,   2827,
2.9,   2570,    258,      0,   2680,   2206,   8390,   8706,  60171,  10394,   6488,   1611,     11,   2827,
2.9,   2570,    258,      0,   2680,   2201,   8389,   8713,  60171,  10394,   6488,   1611,     12,   2827,
2.9,   2570,    258,      0,   2680,   2201,   8388,   8713,  60171,  10394,   6488,   1611,     13,   2827,
2.9,   2570,    258,      0,   2680,   2199,   8391,   8719,  60171,  10394,   6488,   1611,     14,   2827,
2.9,   2570,    258,      0,   2680,   2198,   8391,   8721,  60171,  10394,   6488,   1611,     15,   2827,
2.9,   2570,    258,      0,   2690,   2198,   8392,   8723,  60171,  10394,   6488,   1611,     16,   2827,
2.9,   2570,    258,      0,   2690,   2193,   8393,   8729,  60171,  10394,   6488,   1611,     17,   2827,
2.9,   2570,    258,      0,   2690,   2191,   8394,   8733,  60171,  10394,   6488,   1611,     18,   2827,
2.9,   2570,    258,      0,   2680,   2191,   8391,   8734,  60171,  10394,   6488,   1611,     19,   2827,
2.9,   2570,    258,      0,   2698,   2189,   8397,   8738,  60171,  10394,   6488,   1611,     20,   2827,
2.9,   2570,    258,      0,   2690,   2185,   8395,   8745,  60171,  10394,   6488,   1611,     21,   2827,
2.9,   2570,    258,      0,   2690,   2185,   8394,   8744,  60171,  10394,   6488,   1611,     22,   2827,
2.9,   2570,    258,      0,   2698,   2185,   8397,   8744,  60171,  10394,   6488,   1611,     23,   2827,
2.9,   2570,    258,      0,   2690,   2181,   8395,   8755,  60171,  10394,   6488,   1611,     24,   2827,
2.9,   2570,    258,      0,   2707,   2179,   8401,   8758,  60171,  10394,   6488,   1611,     25,   2827,
2.9,   2570,    258,      0,   2698,   2177,   8399,   8761,  60171,  10394,   6488,   1611,     26,   2827,
2.9,   2570,    258,      0,   2707,   2174,   8402,   8764,  60171,  10394,   6488,   1611,     27,   2827,
2.9,   2570,    258,      0,   2717,   2172,   8405,   8771,  60171,  10394,   6488,   1611,     28,   2827,
2.9,   2570,    258,      0,   2707,   2172,   8401,   8771,  60171,  10394,   6488,   1611,     29,   2827,
2.9,   2570,    258,      0,   2717,   2170,   8404,   8774,  60171,  10394,   6488,   1611,     30,   2827,
2.9,   2570,    258,      0,   2717,   2168,   8407,   8776,  60171,  10394,   6488,   1611,     31,   2827,
2.9,   2570,    258,      0,   2717,   2164,   8405,   8784,  60171,  10394,   6488,   1611,     32,   2827,
2.9,   2570,    258,      0,   2725,   2165,   8411,   8783,  60171,  10394,   6488,   1611,     33,   2827,
2.9,   2570,    258,      0,   2725,   2162,   8408,   8790,  60171,  10394,   6488,   1611,     34,   2827,
2.9,   2570,    258,      0,   2735,   2164,   8413,   8787,  60171,  10394,   6488,   1611,     35,   2827,
2.9,   2570,    258,      0,   2725,   2160,   8410,   8793,  60171,  10394,   6488,   1611,     36,   2827,
