3.8,   2570,    258,      0,   2636,   2218,   8369,   8680,  61713,  25384,    525,  12596,      1,   2827,
3.8,   2570,    258,      0,   1286,   2220,   7792,   8678,  61713,  25384,    525,  12596,     47,   2827,
3.8,   2570,    258,      0,   1277,   2220,   7790,   8679,  61713,  25384,    525,  12596,     48,   2827,
3.8,   2570,    258,      0,   1277,   2218,   7789,   8682,  61713,  25384,    525,  12596,     49,   2827,
3.8,   2570,    258,      0,   1277,   2216,   7788,   8687,  61713,  25384,    525,  12596,     50,   2827,
3.8,   2570,    258,      0,   1277,   2212,   7788,   8692,  61713,  25384,    525,  12596,     51,   2827,
3.8,   2570,    258,      0,   1286,   2212,   7792,   8694,  61713,  25384,    525,  12596,     52,   2827,
3.8,   2570,    258,      0,   1267,   2210,   7787,   8697,  61713,  25384,    525,  12596,     53,   2827,
3.8,   2570,    258,      0,   1286,   2208,   7794,   8701,  61713,  25384,    525,  12596,     54,   2827,
3.8,   2570,    258,      0,   1277,   2206,   7791,   8704,  61713,  25384,    525,  12596,     55,   2827,
3.8,   2570,    258,      0,   1296,   2206,   7797,   8707,  61713,  25384,    525,  12596,     56,   2827,
3.8,   2570,    258,      0,   1286,   2206,   7792,   8704,  61713,  25384,    525,  12596,     57,   2827,
3.8,   2570,    258,      0,   1296,   2204,   7797,   8710,  61713,  25384,    525,  12596,     58,   2827,
3.8,   2570,    258,      0,   1296,   2201,   7798,   8712,  61713,  25384,    525,  12596,     59,   2827,
3.8,   2570,    258,      0,   1296,   2199,   7796,   8718,  61713,  25384,    525,  12596,     60,   2827,
3.8,   2570,    258,      0,   1296,   2198,   7798,   8721,  61713,  25384,    525,  12596,     61,   2827,
3.8,   2570,    258,      0,   1306,   2198,   7800,   8720,  61713,  25384,    525,  12596,     62,   2827,
3.8,   2570,    258,      0,   1296,   2196,   7798,   8727,  61713,  25384,    525,  12596,     63,   2827,
3.8,   2570,    258,      0,   1306,   2193,   7801,   8729,  61713,  25384,    525,  12596,     64,   2827,
3.8,   2570,    258,      0,   1296,   2193,   7799,   8731,  61713,  25384,    525,  12596,     65,   2827,
3.8,   2570,    258,      0,   1306,   2191,   7803,   8735,  61713,  25384,    525,  12596,     66,   2827,
3.8,   2570,    258,      0,   1315,   2189,   7805,   8737,  61713,  25384,    525,  12596,     67,   2827,
3.8,   2570,    258,      0,   1315,   2185,   7805,   8744,  61713,  25384,    525,  12596,     68,   2827,
3.8,   2570,    258,      0,   1315,   2187,   7807,   8743,  61713,  25384,    525,  12596,     69,   2827,
3.8,   2570,    258,      0,   1315,   2185,   7807,   8744,  61713,  25384,    525,  12596,     70,   2827,
3.8,   2570,    258,      0,   1325,   2183,   7810,   8750,  61713,  25384,    525,  12596,     71,   2827,
72.5,   2570,    258,      0,   2610,   2272,   8357,   8579,  61713,  25128,   4613,  12596,      1,   2827,
72.5,   2570,    258,      0,   6161,   2298,  10162,   8525,  61713,  25128,   4613,  12596,     13,   2827,
72.5,   2570,    258,      0,   6147,   2301,  10154,   8520,  61713,  25128,   4613,  12596,     14,   2827,
72.5,   2570,    258,      0,   6126,   2305,  10143,   8513,  61713,  25128,   4613,  12596,     15,   2827,
72.5,   2570,    258,      0,   6133,   2307,  10145,   8510,  61713,  25128,   4613,  12596,     16,   2827,
72.5,   2570,    258,      0,   6133,   2311,  10145,   8500,  61713,  25128,   4613,  12596,     17,   2827,
72.5,   2570,    258,      0,   6141,   2315,  10149,   8495,  61713,  25128,   4613,  12596,     18,   2827,
72.5,   2570,    258,      0,   6133,   2317,  10144,   8490,  61713,  25128,   4613,  12596,     19,   2827,
72.5,   2570,    258,      0,   6126,   2320,  10140,   8486,  61713,  25128,   4613,  12596,     20,   2827,
72.5,   2570,    258,      0,   6112,   2324,  10133,   8479,  61713,  25128,   4613,  12596,     21,   2827,
72.5,   2570,    258,      0,   6085,   2325,  10119,   8472,  61713,  25128,   4613,  12596,     22,   2827,
72.5,   2570,    258,      0,   6085,   2329,  10118,   8468,  61713,  25128,   4613,  12596,     23,   2827,
72.5,   2570,    258,      0,   6112,   2334,  10132,   8456,  61713,  25128,   4613,  12596,     24,   2827,
72.5,   2570,    258,      0,   6105,   2340,  10131,   8446,  61713,  25128,   4613,  12596,     25,   2827,
72.5,   2570,    258,      0,   6105,   2343,  10128,   8443,  61713,  25128,   4613,  12596,     26,   2827,
72.5,   2570,    258,      0,   6085,   2347,  10117,   8435,  61713,  25128,   4613,  12596,     27,   2827,
72.5,   2570,    258,      0,   6078,   2349,  10115,   8429,  61713,  25128,   4613,  12596,     28,   2827,
72.5,   2570,    258,      0,   6071,   2352,  10111,   8423,  61713,  25128,   4613,  12596,     29,   2827,
72.5,   2570,    258,      0,   6085,   2356,  10119,   8417,  61713,  25128,   4613,  12596,     30,   2827,
72.5,   2570,    258,      0,   6091,   2361,  10120,   8405,  61713,  25128,   4613,  12596,     31,   2827,
72.5,   2570,    258,      0,   6085,   2366,  10117,   8397,  61713,  25128,   4613,  12596,     32,   2827,
72.5,   2570,    258,      0,   6098,   2368,  10124,   8393,  61713,  25128,   4613,  12596,     33,   2827,
72.5,   2570,    258,      0,   6105,   2374,  10131,   8382,  61713,  25128,   4613,  12596,     34,   2827,
72.5,   2570,    258,      0,   6112,   2378,  10132,   8375,  61713,  25128,   4613,  12596,     35,   2827,
72.5,   2570,    258,      0,   6098,   2384,  10127,   8363,  61713,  25128,   4613,  12596,     36,   2827,
72.5,   2570,    258,      0,   6091,   2388,  10121,   8353,  61713,  25128,   4613,  12596,     37,   2827,
35.9,   2570,    258,      0,   2554,   2417,   8333,   8297,  61713,  25384,    517,  12596,      1,   2827,
35.9,   2570,    258,      0,   3355,   2422,   8699,   8289,  61713,  25384,    517,  12596,     13,   2827,
35.9,   2570,    258,      0,   3355,   2422,   8699,   8288,  61713,  25384,    517,  12596,     14,   2827,
35.9,   2570,    258,      0,   3345,   2424,   8693,   8286,  61713,  25384,    517,  12596,     15,   2827,
35.9,   2570,    258,      0,   3345,   2424,   8692,   8285,  61713,  25384,    517,  12596,     16,   2827,
35.9,   2570,    258,      0,   3337,   2424,   8690,   8285,  61713,  25384,    517,  12596,     17,   2827,
35.9,   2570,    258,      0,   3345,   2424,   8695,   8286,  61713,  25384,    517,  12596,     18,   2827,
35.9,   2570,    258,      0,   3345,   2424,   8692,   8286,  61713,  25384,    517,  12596,     19,   2827,
35.9,   2570,    258,      0,   3345,   2426,   8692,   8283,  61713,  25384,    517,  12596,     20,   2827,
35.9,   2570,    258,      0,   3337,   2426,   8688,   8281,  61713,  25384,    517,  12596,     21,   2827,
35.9,   2570,    258,      0,   3337,   2426,   8691,   8281,  61713,  25384,    517,  12596,     22,   2827,
35.9,   2570,    258,      0,   3337,   2429,   8689,   8279,  61713,  25384,    517,  12596,     23,   2827,
35.9,   2570,    258,      0,   3337,   2429,   8688,   8279,  61713,  25384,    517,  12596,     24,   2827,
35.9,   2570,    258,      0,   3337,   2429,   8689,   8278,  61713,  25384,    517,  12596,     25,   2827,
35.9,   2570,    258,      0,   3329,   2429,   8686,   8278,  61713,  25384,    517,  12596,     26,   2827,
35.9,   2570,    258,      0,   3337,   2429,   8690,   8277,  61713,  25384,    517,  12596,     27,   2827,
35.9,   2570,    258,      0,   3329,   2433,   8687,   8271,  61713,  25384,    517,  12596,     28,   2827,
35.9,   2570,    258,      0,   3329,   2434,   8687,   8267,  61713,  25384,    517,  12596,     29,   2827,
35.9,   2570,    258,      0,   3320,   2433,   8683,   8268,  61713,  25384,    517,  12596,     30,   2827,
35.9,   2570,    258,      0,   3320,   2433,   8683,   8271,  61713,  25384,    517,  12596,     31,   2827,
35.9,   2570,    258,      0,   3329,   2433,   8685,   8269,  61713,  25384,    517,  12596,     32,   2827,
35.9,   2570,    258,      0,   3312,   2434,   8679,   8266,  61713,  25384,    517,  12596,     33,   2827,
35.9,   2570,    258,      0,   3320,   2437,   8681,   8263,  61713,  25384,    517,  12596,     34,   2827,
35.9,   2570,    258,      0,   3312,   2437,   8679,   8263,  61713,  25384,    517,  12596,     35,   2827,
35.9,   2570,    258,      0,   3320,   2437,   8681,   8262,  61713,  25384,    517,  12596,     36,   2827,
35.9,   2570,    258,      0,   3320,   2437,   8680,   8263,  61713,  25384,    517,  12596,     37,   2827,
