2.7,   2570,    258,      0,   1711,   2189,   7970,   8739,  26089,  55251,  28852,  45834,      1,   2827,
2.7,   2570,    258,      0,    516,   2181,   7486,   8753,  26089,  55251,  28852,  45834,      9,   2827,
2.7,   2570,    258,      0,    516,   2181,   7485,   8755,  26089,  55251,  28852,  45834,     10,   2827,
2.7,   2570,    258,      0,    516,   2179,   7487,   8757,  26089,  55251,  28852,  45834,     11,   2827,
2.7,   2570,    258,      0,    516,   2179,   7484,   8759,  26089,  55251,  28852,  45834,     12,   2827,
2.7,   2570,    258,      0,    516,   2177,   7484,   8760,  26089,  55251,  28852,  45834,     13,   2827,
2.7,   2570,    258,      0,    505,   2177,   7483,   8762,  26089,  55251,  28852,  45834,     14,   2827,
2.7,   2570,    258,      0,    516,   2174,   7485,   8764,  26089,  55251,  28852,  45834,     15,   2827,
2.7,   2570,    258,      0,    505,   2174,   7480,   8764,  26089,  55251,  28852,  45834,     16,   2827,
2.7,   2570,    258,      0,    505,   2174,   7483,   8764,  26089,  55251,  28852,  45834,     17,   2827,
2.7,   2570,    258,      0,    516,   2172,   7484,   8770,  26089,  55251,  28852,  45834,     18,   2827,
2.7,   2570,    258,      0,    516,   2174,   7484,   8767,  26089,  55251,  28852,  45834,     19,   2827,
2.7,   2570,    258,      0,    516,   2172,   7484,   8768,  26089,  55251,  28852,  45834,     20,   2827,
2.7,   2570,    258,      0,    516,   2172,   7485,   8771,  26089,  55251,  28852,  45834,     21,   2827,
2.7,   2570,    258,      0,    516,   2170,   7484,   8775,  26089,  55251,  28852,  45834,     22,   2827,
2.7,   2570,    258,      0,    516,   2170,   7484,   8773,  26089,  55251,  28852,  45834,     23,   2827,
2.7,   2570,    258,      0,    525,   2168,   7488,   8776,  26089,  55251,  28852,  45834,     24,   2827,
2.7,   2570,    258,      0,    516,   2165,   7487,   8780,  26089,  55251,  28852,  45834,     25,   2827,
2.7,   2570,    258,      0,    525,   2165,   7488,   8781,  26089,  55251,  28852,  45834,     26,   2827,
2.7,   2570,    258,      0,    516,   2164,   7485,   8784,  26089,  55251,  28852,  45834,     27,   2827,
2.7,   2570,    258,      0,    535,   2162,   7492,   8790,  26089,  55251,  28852,  45834,     28,   2827,
2.7,   2570,    258,      0,    516,   2164,   7487,   8786,  26089,  55251,  28852,  45834,     29,   2827,
2.7,   2570,    258,      0,    525,   2162,   7490,   8788,  26089,  55251,  28852,  45834,     30,   2827,
2.7,   2570,    258,      0,    535,   2162,   7492,   8788,  26089,  55251,  28852,  45834,     31,   2827,
2.7,   2570,    258,      0,    525,   2162,   7491,   8791,  26089,  55251,  28852,  45834,     32,   2827,
2.7,   2570,    258,      0,    525,   2160,   7491,   8793,  26089,  55251,  28852,  45834,     33,   2827,
2.7,   2570,    258,      0,    535,   2160,   7493,   8794,  26089,  55251,  28852,  45834,     34,   2827,
36.2,   2570,    258,      0,   2124,   2298,   8146,   8524,  26089,  55259,  29108,  45962,      1,   2827,
36.2,   2570,    258,      0,   2867,   2311,   8475,   8503,  26089,  55259,  29108,  45962,     57,   2827,
36.2,   2570,    258,      0,   2858,   2311,   8471,   8502,  26089,  55259,  29108,  45962,     58,   2827,
36.2,   2570,    258,      0,   2867,   2311,   8473,   8501,  26089,  55259,  29108,  45962,     59,   2827,
36.2,   2570,    258,      0,   2867,   2311,   8473,   8500,  26089,  55259,  29108,  45962,     60,   2827,
36.2,   2570,    258,      0,   2858,   2317,   8471,   8491,  26089,  55259,  29108,  45962,     61,   2827,
36.2,   2570,    258,      0,   2858,   2311,   8471,   8500,  26089,  55259,  29108,  45962,     62,   2827,
36.2,   2570,    258,      0,   2849,   2315,   8466,   8495,  26089,  55259,  29108,  45962,     63,   2827,
36.2,   2570,    258,      0,   2858,   2314,   8470,   8496,  26089,  55259,  29108,  45962,     64,   2827,
36.2,   2570,    258,      0,   2849,   2317,   8465,   8488,  26089,  55259,  29108,  45962,     65,   2827,
36.2,   2570,    258,      0,   2858,   2317,   8469,   8488,  26089,  55259,  29108,  45962,     66,   2827,
36.2,   2570,    258,      0,   2858,   2320,   8470,   8486,  26089,  55259,  29108,  45962,     67,   2827,
36.2,   2570,    258,      0,   2867,   2320,   8472,   8485,  26089,  55259,  29108,  45962,     68,   2827,
36.2,   2570,    258,      0,   2858,   2322,   8469,   8481,  26089,  55259,  29108,  45962,     69,   2827,
36.2,   2570,    258,      0,   2858,   2324,   8470,   8477,  26089,  55259,  29108,  45962,     70,   2827,
36.2,   2570,    258,      0,   2849,   2324,   8467,   8478,  26089,  55259,  29108,  45962,     71,   2827,
36.2,   2570,    258,      0,   2858,   2322,   8469,   8480,  26089,  55259,  29108,  45962,     72,   2827,
36.2,   2570,    258,      0,   2858,   2325,   8471,   8473,  26089,  55259,  29108,  45962,     73,   2827,
36.2,   2570,    258,      0,   2858,   2325,   8471,   8472,  26089,  55259,  29108,  45962,     74,   2827,
36.2,   2570,    258,      0,   2867,   2329,   8473,   8470,  26089,  55259,  29108,  45962,     75,   2827,
36.2,   2570,    258,      0,   2867,   2330,   8473,   8467,  26089,  55259,  29108,  45962,     76,   2827,
36.2,   2570,    258,      0,   2867,   2330,   8472,   8467,  26089,  55259,  29108,  45962,     77,   2827,
36.2,   2570,    258,      0,   2849,   2332,   8467,   8460,  26089,  55259,  29108,  45962,     78,   2827,
36.2,   2570,    258,      0,   2849,   2332,   8466,   8460,  26089,  55259,  29108,  45962,     79,   2827,
36.2,   2570,    258,      0,   2858,   2334,   8468,   8459,  26089,  55259,  29108,  45962,     80,   2827,
36.2,   2570,    258,      0,   2849,   2336,   8466,   8454,  26089,  55259,  29108,  45962,     81,   2827,
36.2,   2570,    258,      0,   2833,   2336,   8458,   8455,  26089,  55259,  29108,  45962,     82,   2827,
36.2,   2570,    258,      0,   2833,   2338,   8458,   8450,  26089,  55259,  29108,  45962,     83,   2827,
69.8,   2570,    258,      0,   2162,   2263,   8160,   8592,  26089,  57307,  28852,  45954,      1,   2827,
69.8,   2570,    258,      0,   5577,   2288,   9830,   8546,  26089,  57307,  28852,  45954,     12,   2827,
69.8,   2570,    258,      0,   5585,   2290,   9832,   8541,  26089,  57307,  28852,  45954,     13,   2827,
69.8,   2570,    258,      0,   5591,   2295,   9838,   8532,  26089,  57307,  28852,  45954,     14,   2827,
69.8,   2570,    258,      0,   5570,   2297,   9825,   8528,  26089,  57307,  28852,  45954,     15,   2827,
69.8,   2570,    258,      0,   5527,   2301,   9803,   8523,  26089,  57307,  28852,  45954,     16,   2827,
69.8,   2570,    258,      0,   5519,   2304,   9797,   8517,  26089,  57307,  28852,  45954,     17,   2827,
69.8,   2570,    258,      0,   5505,   2307,   9789,   8509,  26089,  57307,  28852,  45954,     18,   2827,
69.8,   2570,    258,      0,   5490,   2311,   9783,   8502,  26089,  57307,  28852,  45954,     19,   2827,
69.8,   2570,    258,      0,   5469,   2314,   9768,   8499,  26089,  57307,  28852,  45954,     20,   2827,
69.8,   2570,    258,      0,   5455,   2315,   9763,   8493,  26089,  57307,  28852,  45954,     21,   2827,
69.8,   2570,    258,      0,   5439,   2315,   9755,   8492,  26089,  57307,  28852,  45954,     22,   2827,
69.8,   2570,    258,      0,   5447,   2322,   9759,   8481,  26089,  57307,  28852,  45954,     23,   2827,
69.8,   2570,    258,      0,   5447,   2324,   9758,   8477,  26089,  57307,  28852,  45954,     24,   2827,
69.8,   2570,    258,      0,   5447,   2325,   9757,   8472,  26089,  57307,  28852,  45954,     25,   2827,
69.8,   2570,    258,      0,   5439,   2329,   9753,   8468,  26089,  57307,  28852,  45954,     26,   2827,
69.8,   2570,    258,      0,   5425,   2332,   9745,   8461,  26089,  57307,  28852,  45954,     27,   2827,
69.8,   2570,    258,      0,   5402,   2336,   9733,   8453,  26089,  57307,  28852,  45954,     28,   2827,
69.8,   2570,    258,      0,   5389,   2338,   9725,   8451,  26089,  57307,  28852,  45954,     29,   2827,
69.8,   2570,    258,      0,   5374,   2343,   9717,   8443,  26089,  57307,  28852,  45954,     30,   2827,
69.8,   2570,    258,      0,   5380,   2347,   9722,   8434,  26089,  57307,  28852,  45954,     31,   2827,
69.8,   2570,    258,      0,   5389,   2347,   9727,   8432,  26089,  57307,  28852,  45954,     32,   2827,
69.8,   2570,    258,      0,   5410,   2352,   9737,   8423,  26089,  57307,  28852,  45954,     33,   2827,
69.8,   2570,    258,      0,   5418,   2352,   9741,   8420,  26089,  57307,  28852,  45954,     34,   2827,
69.8,   2570,    258,      0,   5418,   2359,   9743,   8411,  26089,  57307,  28852,  45954,     35,   2827,
69.8,   2570,    258,      0,   5418,   2366,   9743,   8399,  26089,  57307,  28852,  45954,     36,   2827,
69.8,   2570,    258,      0,   5410,   2369,   9739,   8391,  26089,  57307,  28852,  45954,     37,   2827,
