4,   2570,    258,      0,   2162,   2245,   8163,   8630,  53056,   4210,   6734,  32912,      3,   2827,
4,   2570,    258,      0,   2003,   2189,   8093,   8737,  53056,   4210,   6734,  32912,     27,   2827,
4,   2570,    258,      0,   2003,   2185,   8095,   8745,  53056,   4210,   6734,  32912,     28,   2827,
4,   2570,    258,      0,   2003,   2185,   8095,   8745,  53056,   4210,   6734,  32912,     29,   2827,
4,   2570,    258,      0,   2003,   2185,   8092,   8747,  53056,   4210,   6734,  32912,     30,   2827,
4,   2570,    258,      0,   2013,   2181,   8097,   8755,  53056,   4210,   6734,  32912,     31,   2827,
4,   2570,    258,      0,   2013,   2179,   8098,   8757,  53056,   4210,   6734,  32912,     32,   2827,
4,   2570,    258,      0,   2013,   2179,   8098,   8759,  53056,   4210,   6734,  32912,     33,   2827,
4,   2570,    258,      0,   2013,   2177,   8099,   8761,  53056,   4210,   6734,  32912,     34,   2827,
4,   2570,    258,      0,   2022,   2172,   8100,   8770,  53056,   4210,   6734,  32912,     35,   2827,
4,   2570,    258,      0,   2013,   2170,   8097,   8773,  53056,   4210,   6734,  32912,     36,   2827,
4,   2570,    258,      0,   2022,   2165,   8102,   8780,  53056,   4210,   6734,  32912,     37,   2827,
4,   2570,    258,      0,   2022,   2165,   8103,   8780,  53056,   4210,   6734,  32912,     38,   2827,
4,   2570,    258,      0,   2022,   2164,   8100,   8784,  53056,   4210,   6734,  32912,     39,   2827,
4,   2570,    258,      0,   2022,   2160,   8103,   8792,  53056,   4210,   6734,  32912,     40,   2827,
4,   2570,    258,      0,   2031,   2162,   8104,   8789,  53056,   4210,   6734,  32912,     41,   2827,
4,   2570,    258,      0,   2041,   2158,   8108,   8797,  53056,   4210,   6734,  32912,     42,   2827,
4,   2570,    258,      0,   2031,   2155,   8106,   8800,  53056,   4210,   6734,  32912,     43,   2827,
4,   2570,    258,      0,   2041,   2154,   8109,   8807,  53056,   4210,   6734,  32912,     44,   2827,
4,   2570,    258,      0,   2041,   2152,   8110,   8811,  53056,   4210,   6734,  32912,     45,   2827,
4,   2570,    258,      0,   2041,   2150,   8110,   8813,  53056,   4210,   6734,  32912,     46,   2827,
4,   2570,    258,      0,   2041,   2145,   8109,   8821,  53056,   4210,   6734,  32912,     47,   2827,
4,   2570,    258,      0,   2041,   2143,   8109,   8825,  53056,   4210,   6734,  32912,     48,   2827,
4,   2570,    258,      0,   2050,   2143,   8113,   8825,  53056,   4210,   6734,  32912,     49,   2827,
4,   2570,    258,      0,   2050,   2138,   8114,   8832,  53056,   4210,   6734,  32912,     50,   2827,
4,   2570,    258,      0,   2050,   2136,   8114,   8836,  53056,   4210,   6734,  32912,     51,   2827,
