4,   2570,    258,      0,   2346,   2278,   8241,   8567,  34626,  36373,   9184,   8116,      3,   2827,
4,   2570,    258,      0,   2013,   2236,   8096,   8644,  34626,  36373,   9184,   8116,     26,   2827,
4,   2570,    258,      0,   2003,   2236,   8094,   8646,  34626,  36373,   9184,   8116,     27,   2827,
4,   2570,    258,      0,   2022,   2234,   8101,   8648,  34626,  36373,   9184,   8116,     28,   2827,
4,   2570,    258,      0,   2022,   2234,   8100,   8651,  34626,  36373,   9184,   8116,     29,   2827,
4,   2570,    258,      0,   2022,   2230,   8101,   8656,  34626,  36373,   9184,   8116,     30,   2827,
4,   2570,    258,      0,   2022,   2230,   8103,   8658,  34626,  36373,   9184,   8116,     31,   2827,
4,   2570,    258,      0,   2022,   2228,   8102,   8661,  34626,  36373,   9184,   8116,     32,   2827,
4,   2570,    258,      0,   2031,   2228,   8105,   8663,  34626,  36373,   9184,   8116,     33,   2827,
4,   2570,    258,      0,   2031,   2224,   8107,   8669,  34626,  36373,   9184,   8116,     34,   2827,
4,   2570,    258,      0,   2022,   2224,   8103,   8671,  34626,  36373,   9184,   8116,     35,   2827,
4,   2570,    258,      0,   2041,   2222,   8111,   8674,  34626,  36373,   9184,   8116,     36,   2827,
4,   2570,    258,      0,   2031,   2218,   8106,   8680,  34626,  36373,   9184,   8116,     37,   2827,
4,   2570,    258,      0,   2041,   2216,   8110,   8684,  34626,  36373,   9184,   8116,     38,   2827,
4,   2570,    258,      0,   2031,   2214,   8107,   8688,  34626,  36373,   9184,   8116,     39,   2827,
4,   2570,    258,      0,   2041,   2214,   8110,   8690,  34626,  36373,   9184,   8116,     40,   2827,
4,   2570,    258,      0,   2041,   2212,   8110,   8695,  34626,  36373,   9184,   8116,     41,   2827,
4,   2570,    258,      0,   2041,   2212,   8111,   8695,  34626,  36373,   9184,   8116,     42,   2827,
4,   2570,    258,      0,   2050,   2210,   8113,   8698,  34626,  36373,   9184,   8116,     43,   2827,
4,   2570,    258,      0,   2050,   2208,   8112,   8702,  34626,  36373,   9184,   8116,     44,   2827,
4,   2570,    258,      0,   2060,   2206,   8116,   8707,  34626,  36373,   9184,   8116,     45,   2827,
4,   2570,    258,      0,   2060,   2204,   8116,   8710,  34626,  36373,   9184,   8116,     46,   2827,
4,   2570,    258,      0,   2060,   2199,   8117,   8717,  34626,  36373,   9184,   8116,     47,   2827,
4,   2570,    258,      0,   2060,   2198,   8116,   8720,  34626,  36373,   9184,   8116,     48,   2827,
4,   2570,    258,      0,   2060,   2196,   8117,   8724,  34626,  36373,   9184,   8116,     49,   2827,
4,   2570,    258,      0,   2068,   2193,   8121,   8729,  34626,  36373,   9184,   8116,     50,   2827,
