37,   2570,    258,      0,   3302,   2189,   8674,   8736,   3801,  34824,  16891,  45937,      1,   2827,
37,   2570,    258,      0,   4167,   2199,   9091,   8719,   3801,  34824,  16891,  45937,     11,   2827,
37,   2570,    258,      0,   4159,   2198,   9085,   8720,   3801,  34824,  16891,  45937,     12,   2827,
37,   2570,    258,      0,   4143,   2199,   9077,   8717,   3801,  34824,  16891,  45937,     13,   2827,
37,   2570,    258,      0,   4143,   2201,   9077,   8712,   3801,  34824,  16891,  45937,     14,   2827,
37,   2570,    258,      0,   4152,   2201,   9083,   8715,   3801,  34824,  16891,  45937,     15,   2827,
37,   2570,    258,      0,   4159,   2201,   9085,   8712,   3801,  34824,  16891,  45937,     16,   2827,
37,   2570,    258,      0,   4152,   2206,   9081,   8705,   3801,  34824,  16891,  45937,     17,   2827,
37,   2570,    258,      0,   4152,   2204,   9081,   8709,   3801,  34824,  16891,  45937,     18,   2827,
37,   2570,    258,      0,   4143,   2206,   9078,   8704,   3801,  34824,  16891,  45937,     19,   2827,
37,   2570,    258,      0,   4159,   2206,   9084,   8706,   3801,  34824,  16891,  45937,     20,   2827,
37,   2570,    258,      0,   4152,   2208,   9082,   8701,   3801,  34824,  16891,  45937,     21,   2827,
37,   2570,    258,      0,   4152,   2210,   9082,   8699,   3801,  34824,  16891,  45937,     22,   2827,
37,   2570,    258,      0,   4159,   2212,   9086,   8693,   3801,  34824,  16891,  45937,     23,   2827,
37,   2570,    258,      0,   4159,   2212,   9085,   8693,   3801,  34824,  16891,  45937,     24,   2827,
37,   2570,    258,      0,   4159,   2212,   9084,   8692,   3801,  34824,  16891,  45937,     25,   2827,
37,   2570,    258,      0,   4159,   2214,   9086,   8689,   3801,  34824,  16891,  45937,     26,   2827,
37,   2570,    258,      0,   4159,   2216,   9084,   8685,   3801,  34824,  16891,  45937,     27,   2827,
37,   2570,    258,      0,   4152,   2218,   9082,   8683,   3801,  34824,  16891,  45937,     28,   2827,
37,   2570,    258,      0,   4143,   2220,   9079,   8679,   3801,  34824,  16891,  45937,     29,   2827,
37,   2570,    258,      0,   4127,   2218,   9071,   8680,   3801,  34824,  16891,  45937,     30,   2827,
37,   2570,    258,      0,   4135,   2222,   9075,   8674,   3801,  34824,  16891,  45937,     31,   2827,
37,   2570,    258,      0,   4143,   2222,   9076,   8674,   3801,  34824,  16891,  45937,     32,   2827,
37,   2570,    258,      0,   4135,   2222,   9072,   8675,   3801,  34824,  16891,  45937,     33,   2827,
37,   2570,    258,      0,   4119,   2222,   9066,   8674,   3801,  34824,  16891,  45937,     34,   2827,
37,   2570,    258,      0,   4111,   2226,   9062,   8667,   3801,  34824,  16891,  45937,     35,   2827,
