72.1,   2570,    258,      0,   2300,   2494,   8220,   8155,  16731,  41636,  61074,  22629,      1,   2827,
72.1,   2570,    258,      0,   5805,   2515,   9959,   8114,  16731,  41636,  61074,  22629,      9,   2827,
72.1,   2570,    258,      0,   5798,   2516,   9953,   8108,  16731,  41636,  61074,  22629,     10,   2827,
72.1,   2570,    258,      0,   5770,   2522,   9936,   8100,  16731,  41636,  61074,  22629,     11,   2827,
72.1,   2570,    258,      0,   5735,   2523,   9919,   8098,  16731,  41636,  61074,  22629,     12,   2827,
72.1,   2570,    258,      0,   5728,   2528,   9914,   8089,  16731,  41636,  61074,  22629,     13,   2827,
72.1,   2570,    258,      0,   5735,   2530,   9919,   8086,  16731,  41636,  61074,  22629,     14,   2827,
72.1,   2570,    258,      0,   5742,   2534,   9921,   8077,  16731,  41636,  61074,  22629,     15,   2827,
72.1,   2570,    258,      0,   5713,   2536,   9907,   8073,  16731,  41636,  61074,  22629,     16,   2827,
72.1,   2570,    258,      0,   5706,   2538,   9900,   8068,  16731,  41636,  61074,  22629,     17,   2827,
72.1,   2570,    258,      0,   5700,   2540,   9897,   8064,  16731,  41636,  61074,  22629,     18,   2827,
72.1,   2570,    258,      0,   5700,   2544,   9898,   8059,  16731,  41636,  61074,  22629,     19,   2827,
72.1,   2570,    258,      0,   5728,   2549,   9915,   8049,  16731,  41636,  61074,  22629,     20,   2827,
72.1,   2570,    258,      0,   5742,   2553,   9921,   8043,  16731,  41636,  61074,  22629,     21,   2827,
72.1,   2570,    258,      0,   5720,   2557,   9910,   8033,  16731,  41636,  61074,  22629,     22,   2827,
72.1,   2570,    258,      0,   5692,   2559,   9893,   8030,  16731,  41636,  61074,  22629,     23,   2827,
72.1,   2570,    258,      0,   5692,   2563,   9893,   8020,  16731,  41636,  61074,  22629,     24,   2827,
72.1,   2570,    258,      0,   5677,   2568,   9886,   8014,  16731,  41636,  61074,  22629,     25,   2827,
72.1,   2570,    258,      0,   5677,   2570,   9886,   8008,  16731,  41636,  61074,  22629,     26,   2827,
72.1,   2570,    258,      0,   5670,   2575,   9882,   8001,  16731,  41636,  61074,  22629,     27,   2827,
72.1,   2570,    258,      0,   5670,   2579,   9882,   7995,  16731,  41636,  61074,  22629,     28,   2827,
72.1,   2570,    258,      0,   5670,   2580,   9880,   7988,  16731,  41636,  61074,  22629,     29,   2827,
72.1,   2570,    258,      0,   5664,   2587,   9878,   7979,  16731,  41636,  61074,  22629,     30,   2827,
72.1,   2570,    258,      0,   5642,   2587,   9866,   7977,  16731,  41636,  61074,  22629,     31,   2827,
72.1,   2570,    258,      0,   5613,   2591,   9850,   7968,  16731,  41636,  61074,  22629,     32,   2827,
72.1,   2570,    258,      0,   5606,   2597,   9846,   7958,  16731,  41636,  61074,  22629,     33,   2827,
72.1,   2570,    258,      0,   5613,   2599,   9848,   7953,  16731,  41636,  61074,  22629,     34,   2827,
2.9,   2570,    258,      0,   2281,   2266,   8213,   8589,  16731,  41605,  61074,  22629,      1,   2827,
2.9,   2570,    258,      0,    850,   2257,   7619,   8605,  16731,  41605,  61074,  22629,      9,   2827,
2.9,   2570,    258,      0,    850,   2254,   7618,   8611,  16731,  41605,  61074,  22629,     10,   2827,
2.9,   2570,    258,      0,    839,   2253,   7612,   8615,  16731,  41605,  61074,  22629,     11,   2827,
2.9,   2570,    258,      0,    839,   2249,   7615,   8623,  16731,  41605,  61074,  22629,     12,   2827,
2.9,   2570,    258,      0,    850,   2249,   7618,   8622,  16731,  41605,  61074,  22629,     13,   2827,
2.9,   2570,    258,      0,    839,   2247,   7615,   8627,  16731,  41605,  61074,  22629,     14,   2827,
2.9,   2570,    258,      0,    850,   2245,   7618,   8630,  16731,  41605,  61074,  22629,     15,   2827,
2.9,   2570,    258,      0,    850,   2245,   7617,   8631,  16731,  41605,  61074,  22629,     16,   2827,
2.9,   2570,    258,      0,    860,   2241,   7620,   8636,  16731,  41605,  61074,  22629,     17,   2827,
2.9,   2570,    258,      0,    860,   2236,   7621,   8644,  16731,  41605,  61074,  22629,     18,   2827,
2.9,   2570,    258,      0,    860,   2236,   7620,   8646,  16731,  41605,  61074,  22629,     19,   2827,
2.9,   2570,    258,      0,    860,   2234,   7622,   8648,  16731,  41605,  61074,  22629,     20,   2827,
2.9,   2570,    258,      0,    860,   2232,   7622,   8655,  16731,  41605,  61074,  22629,     21,   2827,
2.9,   2570,    258,      0,    869,   2230,   7625,   8658,  16731,  41605,  61074,  22629,     22,   2827,
2.9,   2570,    258,      0,    869,   2226,   7626,   8667,  16731,  41605,  61074,  22629,     23,   2827,
2.9,   2570,    258,      0,    869,   2228,   7626,   8662,  16731,  41605,  61074,  22629,     24,   2827,
2.9,   2570,    258,      0,    869,   2224,   7626,   8671,  16731,  41605,  61074,  22629,     25,   2827,
2.9,   2570,    258,      0,    869,   2220,   7627,   8676,  16731,  41605,  61074,  22629,     26,   2827,
2.9,   2570,    258,      0,    880,   2220,   7631,   8679,  16731,  41605,  61074,  22629,     27,   2827,
2.9,   2570,    258,      0,    869,   2218,   7627,   8681,  16731,  41605,  61074,  22629,     28,   2827,
2.9,   2570,    258,      0,    901,   2214,   7636,   8688,  16731,  41605,  61074,  22629,     29,   2827,
2.9,   2570,    258,      0,    880,   2214,   7629,   8691,  16731,  41605,  61074,  22629,     30,   2827,
2.9,   2570,    258,      0,    901,   2212,   7637,   8694,  16731,  41605,  61074,  22629,     31,   2827,
2.9,   2570,    258,      0,    890,   2208,   7633,   8701,  16731,  41605,  61074,  22629,     32,   2827,
2.9,   2570,    258,      0,    901,   2208,   7637,   8701,  16731,  41605,  61074,  22629,     33,   2827,
2.9,   2570,    258,      0,    901,   2201,   7636,   8713,  16731,  41605,  61074,  22629,     34,   2827,
36,   2570,    258,      0,   2263,   2397,   8207,   8339,  24923,  41472,  61074,  22629,      1,   2827,
36,   2570,    258,      0,   3034,   2395,   8551,   8341,  24923,  41472,  61074,  22629,     10,   2827,
36,   2570,    258,      0,   3034,   2398,   8549,   8334,  24923,  41472,  61074,  22629,     11,   2827,
36,   2570,    258,      0,   3034,   2398,   8548,   8334,  24923,  41472,  61074,  22629,     12,   2827,
36,   2570,    258,      0,   3034,   2397,   8548,   8338,  24923,  41472,  61074,  22629,     13,   2827,
36,   2570,    258,      0,   3026,   2398,   8544,   8334,  24923,  41472,  61074,  22629,     14,   2827,
36,   2570,    258,      0,   3026,   2398,   8545,   8332,  24923,  41472,  61074,  22629,     15,   2827,
36,   2570,    258,      0,   3017,   2403,   8543,   8326,  24923,  41472,  61074,  22629,     16,   2827,
36,   2570,    258,      0,   3008,   2402,   8538,   8329,  24923,  41472,  61074,  22629,     17,   2827,
36,   2570,    258,      0,   3008,   2405,   8538,   8323,  24923,  41472,  61074,  22629,     18,   2827,
36,   2570,    258,      0,   3000,   2403,   8535,   8326,  24923,  41472,  61074,  22629,     19,   2827,
36,   2570,    258,      0,   3017,   2403,   8541,   8324,  24923,  41472,  61074,  22629,     20,   2827,
36,   2570,    258,      0,   3008,   2405,   8537,   8321,  24923,  41472,  61074,  22629,     21,   2827,
36,   2570,    258,      0,   3008,   2405,   8538,   8322,  24923,  41472,  61074,  22629,     22,   2827,
36,   2570,    258,      0,   3008,   2407,   8537,   8319,  24923,  41472,  61074,  22629,     23,   2827,
36,   2570,    258,      0,   3000,   2407,   8535,   8319,  24923,  41472,  61074,  22629,     24,   2827,
36,   2570,    258,      0,   3000,   2407,   8535,   8318,  24923,  41472,  61074,  22629,     25,   2827,
36,   2570,    258,      0,   3008,   2409,   8536,   8315,  24923,  41472,  61074,  22629,     26,   2827,
36,   2570,    258,      0,   3008,   2409,   8536,   8312,  24923,  41472,  61074,  22629,     27,   2827,
36,   2570,    258,      0,   2990,   2412,   8531,   8311,  24923,  41472,  61074,  22629,     28,   2827,
36,   2570,    258,      0,   3000,   2413,   8533,   8307,  24923,  41472,  61074,  22629,     29,   2827,
36,   2570,    258,      0,   2990,   2412,   8531,   8308,  24923,  41472,  61074,  22629,     30,   2827,
36,   2570,    258,      0,   2990,   2413,   8530,   8307,  24923,  41472,  61074,  22629,     31,   2827,
36,   2570,    258,      0,   2982,   2413,   8526,   8306,  24923,  41472,  61074,  22629,     32,   2827,
36,   2570,    258,      0,   2990,   2417,   8528,   8299,  24923,  41472,  61074,  22629,     33,   2827,
36,   2570,    258,      0,   2982,   2417,   8526,   8299,  24923,  41472,  61074,  22629,     34,   2827,
36,   2570,    258,      0,   2982,   2416,   8527,   8300,  24923,  41472,  61074,  22629,     35,   2827,
