2.7,   2570,    258,      0,   3549,   2269,   8791,   8582,  18560,  50698,   6976,  48175,      1,   2827,
2.7,   2570,    258,      0,   1966,   2260,   8079,   8601,  18560,  50698,   6976,  48175,      9,   2827,
2.7,   2570,    258,      0,   1966,   2257,   8079,   8604,  18560,  50698,   6976,  48175,     10,   2827,
2.7,   2570,    258,      0,   1975,   2260,   8080,   8603,  18560,  50698,   6976,  48175,     11,   2827,
2.7,   2570,    258,      0,   1966,   2257,   8076,   8604,  18560,  50698,   6976,  48175,     12,   2827,
2.7,   2570,    258,      0,   1966,   2254,   8078,   8608,  18560,  50698,   6976,  48175,     13,   2827,
2.7,   2570,    258,      0,   1966,   2253,   8078,   8615,  18560,  50698,   6976,  48175,     14,   2827,
2.7,   2570,    258,      0,   1966,   2253,   8077,   8612,  18560,  50698,   6976,  48175,     15,   2827,
2.7,   2570,    258,      0,   1966,   2253,   8076,   8612,  18560,  50698,   6976,  48175,     16,   2827,
2.7,   2570,    258,      0,   1957,   2253,   8075,   8614,  18560,  50698,   6976,  48175,     17,   2827,
2.7,   2570,    258,      0,   1966,   2251,   8077,   8617,  18560,  50698,   6976,  48175,     18,   2827,
2.7,   2570,    258,      0,   1966,   2251,   8079,   8619,  18560,  50698,   6976,  48175,     19,   2827,
2.7,   2570,    258,      0,   1966,   2249,   8076,   8620,  18560,  50698,   6976,  48175,     20,   2827,
2.7,   2570,    258,      0,   1966,   2249,   8079,   8623,  18560,  50698,   6976,  48175,     21,   2827,
2.7,   2570,    258,      0,   1957,   2247,   8075,   8625,  18560,  50698,   6976,  48175,     22,   2827,
2.7,   2570,    258,      0,   1966,   2245,   8077,   8629,  18560,  50698,   6976,  48175,     23,   2827,
2.7,   2570,    258,      0,   1966,   2245,   8076,   8628,  18560,  50698,   6976,  48175,     24,   2827,
2.7,   2570,    258,      0,   1966,   2245,   8078,   8631,  18560,  50698,   6976,  48175,     25,   2827,
2.7,   2570,    258,      0,   1966,   2243,   8078,   8632,  18560,  50698,   6976,  48175,     26,   2827,
2.7,   2570,    258,      0,   1966,   2243,   8076,   8633,  18560,  50698,   6976,  48175,     27,   2827,
2.7,   2570,    258,      0,   1966,   2243,   8079,   8635,  18560,  50698,   6976,  48175,     28,   2827,
2.7,   2570,    258,      0,   1975,   2241,   8082,   8638,  18560,  50698,   6976,  48175,     29,   2827,
2.7,   2570,    258,      0,   1985,   2236,   8085,   8644,  18560,  50698,   6976,  48175,     30,   2827,
2.7,   2570,    258,      0,   1975,   2241,   8081,   8639,  18560,  50698,   6976,  48175,     31,   2827,
2.7,   2570,    258,      0,   1985,   2236,   8084,   8646,  18560,  50698,   6976,  48175,     32,   2827,
2.7,   2570,    258,      0,   1985,   2236,   8084,   8647,  18560,  50698,   6976,  48175,     33,   2827,
63.2,   2570,    258,      0,   6511,   2445,  10370,   8246,  18560,  50810,   7104,  48175,      1,   2827,
63.2,   2570,    258,      0,   6201,   2467,  10184,   8204,  18560,  50810,   7104,  48175,      9,   2827,
63.2,   2570,    258,      0,   6201,   2468,  10185,   8202,  18560,  50810,   7104,  48175,     10,   2827,
63.2,   2570,    258,      0,   6201,   2472,  10186,   8195,  18560,  50810,   7104,  48175,     11,   2827,
63.2,   2570,    258,      0,   6208,   2472,  10191,   8192,  18560,  50810,   7104,  48175,     12,   2827,
63.2,   2570,    258,      0,   6195,   2477,  10182,   8184,  18560,  50810,   7104,  48175,     13,   2827,
63.2,   2570,    258,      0,   6167,   2478,  10164,   8182,  18560,  50810,   7104,  48175,     14,   2827,
63.2,   2570,    258,      0,   6147,   2481,  10153,   8177,  18560,  50810,   7104,  48175,     15,   2827,
63.2,   2570,    258,      0,   6133,   2484,  10147,   8173,  18560,  50810,   7104,  48175,     16,   2827,
63.2,   2570,    258,      0,   6126,   2487,  10142,   8166,  18560,  50810,   7104,  48175,     17,   2827,
63.2,   2570,    258,      0,   6133,   2489,  10145,   8161,  18560,  50810,   7104,  48175,     18,   2827,
63.2,   2570,    258,      0,   6147,   2492,  10152,   8158,  18560,  50810,   7104,  48175,     19,   2827,
63.2,   2570,    258,      0,   6153,   2495,  10156,   8149,  18560,  50810,   7104,  48175,     20,   2827,
63.2,   2570,    258,      0,   6153,   2501,  10156,   8143,  18560,  50810,   7104,  48175,     21,   2827,
63.2,   2570,    258,      0,   6147,   2502,  10154,   8137,  18560,  50810,   7104,  48175,     22,   2827,
63.2,   2570,    258,      0,   6141,   2506,  10148,   8130,  18560,  50810,   7104,  48175,     23,   2827,
63.2,   2570,    258,      0,   6141,   2511,  10150,   8123,  18560,  50810,   7104,  48175,     24,   2827,
63.2,   2570,    258,      0,   6147,   2515,  10153,   8115,  18560,  50810,   7104,  48175,     25,   2827,
63.2,   2570,    258,      0,   6133,   2516,  10147,   8110,  18560,  50810,   7104,  48175,     26,   2827,
63.2,   2570,    258,      0,   6174,   2523,  10168,   8097,  18560,  50810,   7104,  48175,     27,   2827,
63.2,   2570,    258,      0,   6174,   2528,  10171,   8089,  18560,  50810,   7104,  48175,     28,   2827,
63.2,   2570,    258,      0,   6147,   2530,  10154,   8085,  18560,  50810,   7104,  48175,     29,   2827,
63.2,   2570,    258,      0,   6105,   2536,  10131,   8072,  18560,  50810,   7104,  48175,     30,   2827,
63.2,   2570,    258,      0,   6078,   2540,  10114,   8065,  18560,  50810,   7104,  48175,     31,   2827,
63.2,   2570,    258,      0,   6065,   2540,  10106,   8064,  18560,  50810,   7104,  48175,     32,   2827,
63.2,   2570,    258,      0,   6065,   2542,  10104,   8063,  18560,  50810,   7104,  48175,     33,   2827,
34.2,   2570,    258,      0,   3989,   2275,   9002,   8574,  18576,  50762,   6720,  48175,      1,   2827,
34.2,   2570,    258,      0,   4176,   2280,   9095,   8561,  18576,  50762,   6720,  48175,      7,   2827,
34.2,   2570,    258,      0,   4176,   2281,   9094,   8558,  18576,  50762,   6720,  48175,      8,   2827,
34.2,   2570,    258,      0,   4176,   2281,   9092,   8559,  18576,  50762,   6720,  48175,      9,   2827,
34.2,   2570,    258,      0,   4167,   2281,   9089,   8557,  18576,  50762,   6720,  48175,     10,   2827,
34.2,   2570,    258,      0,   4167,   2285,   9088,   8554,  18576,  50762,   6720,  48175,     11,   2827,
34.2,   2570,    258,      0,   4152,   2287,   9083,   8549,  18576,  50762,   6720,  48175,     12,   2827,
34.2,   2570,    258,      0,   4159,   2287,   9085,   8549,  18576,  50762,   6720,  48175,     13,   2827,
34.2,   2570,    258,      0,   4143,   2287,   9077,   8549,  18576,  50762,   6720,  48175,     14,   2827,
34.2,   2570,    258,      0,   4143,   2288,   9076,   8545,  18576,  50762,   6720,  48175,     15,   2827,
34.2,   2570,    258,      0,   4135,   2288,   9075,   8546,  18576,  50762,   6720,  48175,     16,   2827,
34.2,   2570,    258,      0,   4135,   2287,   9074,   8548,  18576,  50762,   6720,  48175,     17,   2827,
34.2,   2570,    258,      0,   4135,   2288,   9073,   8546,  18576,  50762,   6720,  48175,     18,   2827,
34.2,   2570,    258,      0,   4127,   2290,   9069,   8543,  18576,  50762,   6720,  48175,     19,   2827,
34.2,   2570,    258,      0,   4127,   2288,   9068,   8545,  18576,  50762,   6720,  48175,     20,   2827,
34.2,   2570,    258,      0,   4119,   2293,   9066,   8539,  18576,  50762,   6720,  48175,     21,   2827,
34.2,   2570,    258,      0,   4127,   2290,   9069,   8541,  18576,  50762,   6720,  48175,     22,   2827,
34.2,   2570,    258,      0,   4119,   2290,   9064,   8541,  18576,  50762,   6720,  48175,     23,   2827,
34.2,   2570,    258,      0,   4111,   2293,   9063,   8538,  18576,  50762,   6720,  48175,     24,   2827,
34.2,   2570,    258,      0,   4111,   2295,   9063,   8535,  18576,  50762,   6720,  48175,     25,   2827,
34.2,   2570,    258,      0,   4111,   2295,   9063,   8535,  18576,  50762,   6720,  48175,     26,   2827,
34.2,   2570,    258,      0,   4104,   2293,   9058,   8537,  18576,  50762,   6720,  48175,     27,   2827,
34.2,   2570,    258,      0,   4104,   2295,   9058,   8532,  18576,  50762,   6720,  48175,     28,   2827,
34.2,   2570,    258,      0,   4104,   2297,   9058,   8530,  18576,  50762,   6720,  48175,     29,   2827,
34.2,   2570,    258,      0,   4104,   2297,   9058,   8530,  18576,  50762,   6720,  48175,     30,   2827,
34.2,   2570,    258,      0,   4104,   2295,   9059,   8532,  18576,  50762,   6720,  48175,     31,   2827,
34.2,   2570,    258,      0,   4104,   2298,   9056,   8527,  18576,  50762,   6720,  48175,     32,   2827,
