22.8,   2570,    258,      0,   2106,   2266,   8138,   8588,  19441,   8576,  19219,  44869,      1,   2827,
22.8,   2570,    258,      0,   1899,   2268,   8049,   8584,  19441,   8576,  19219,  44869,     11,   2827,
22.8,   2570,    258,      0,   1910,   2268,   8053,   8584,  19441,   8576,  19219,  44869,     12,   2827,
22.8,   2570,    258,      0,   1910,   2268,   8052,   8584,  19441,   8576,  19219,  44869,     13,   2827,
22.8,   2570,    258,      0,   1899,   2269,   8049,   8581,  19441,   8576,  19219,  44869,     14,   2827,
22.8,   2570,    258,      0,   1899,   2269,   8051,   8581,  19441,   8576,  19219,  44869,     15,   2827,
22.8,   2570,    258,      0,   1910,   2272,   8053,   8576,  19441,   8576,  19219,  44869,     16,   2827,
22.8,   2570,    258,      0,   1891,   2272,   8047,   8578,  19441,   8576,  19219,  44869,     17,   2827,
22.8,   2570,    258,      0,   1899,   2272,   8051,   8577,  19441,   8576,  19219,  44869,     18,   2827,
22.8,   2570,    258,      0,   1891,   2272,   8046,   8578,  19441,   8576,  19219,  44869,     19,   2827,
22.8,   2570,    258,      0,   1899,   2272,   8049,   8576,  19441,   8576,  19219,  44869,     20,   2827,
22.8,   2570,    258,      0,   1891,   2275,   8047,   8573,  19441,   8576,  19219,  44869,     21,   2827,
22.8,   2570,    258,      0,   1891,   2272,   8047,   8578,  19441,   8576,  19219,  44869,     22,   2827,
22.8,   2570,    258,      0,   1891,   2272,   8047,   8576,  19441,   8576,  19219,  44869,     23,   2827,
22.8,   2570,    258,      0,   1891,   2275,   8045,   8574,  19441,   8576,  19219,  44869,     24,   2827,
22.8,   2570,    258,      0,   1891,   2276,   8044,   8571,  19441,   8576,  19219,  44869,     25,   2827,
22.8,   2570,    258,      0,   1891,   2276,   8044,   8569,  19441,   8576,  19219,  44869,     26,   2827,
22.8,   2570,    258,      0,   1891,   2276,   8047,   8569,  19441,   8576,  19219,  44869,     27,   2827,
22.8,   2570,    258,      0,   1891,   2280,   8044,   8562,  19441,   8576,  19219,  44869,     28,   2827,
22.8,   2570,    258,      0,   1882,   2278,   8043,   8567,  19441,   8576,  19219,  44869,     29,   2827,
22.8,   2570,    258,      0,   1891,   2278,   8044,   8564,  19441,   8576,  19219,  44869,     30,   2827,
22.8,   2570,    258,      0,   1871,   2278,   8038,   8565,  19441,   8576,  19219,  44869,     31,   2827,
22.8,   2570,    258,      0,   1891,   2278,   8045,   8566,  19441,   8576,  19219,  44869,     32,   2827,
22.8,   2570,    258,      0,   1871,   2278,   8038,   8564,  19441,   8576,  19219,  44869,     33,   2827,
22.8,   2570,    258,      0,   1882,   2278,   8042,   8566,  19441,   8576,  19219,  44869,     34,   2827,
22.8,   2570,    258,      0,   1882,   2280,   8041,   8562,  19441,   8576,  19219,  44869,     35,   2827,
22.8,   2570,    258,      0,   1882,   2280,   8041,   8563,  19441,   8576,  19219,  44869,     36,   2827,
