2.6,   2570,    258,      0,   4742,   2260,   9380,   8600,  10047,  61000,   8838,  22470,      1,   2827,
2.6,   2570,    258,      0,   3329,   2266,   8687,   8591,  10047,  61000,   8838,  22470,      9,   2827,
2.6,   2570,    258,      0,   3329,   2263,   8685,   8595,  10047,  61000,   8838,  22470,     10,   2827,
2.6,   2570,    258,      0,   3320,   2261,   8683,   8596,  10047,  61000,   8838,  22470,     11,   2827,
2.6,   2570,    258,      0,   3312,   2261,   8678,   8597,  10047,  61000,   8838,  22470,     12,   2827,
2.6,   2570,    258,      0,   3320,   2263,   8681,   8595,  10047,  61000,   8838,  22470,     13,   2827,
2.6,   2570,    258,      0,   3320,   2261,   8680,   8596,  10047,  61000,   8838,  22470,     14,   2827,
2.6,   2570,    258,      0,   3320,   2261,   8681,   8598,  10047,  61000,   8838,  22470,     15,   2827,
2.6,   2570,    258,      0,   3312,   2260,   8679,   8600,  10047,  61000,   8838,  22470,     16,   2827,
2.6,   2570,    258,      0,   3329,   2257,   8686,   8604,  10047,  61000,   8838,  22470,     17,   2827,
2.6,   2570,    258,      0,   3320,   2261,   8680,   8596,  10047,  61000,   8838,  22470,     18,   2827,
2.6,   2570,    258,      0,   3329,   2260,   8686,   8602,  10047,  61000,   8838,  22470,     19,   2827,
2.6,   2570,    258,      0,   3312,   2260,   8678,   8601,  10047,  61000,   8838,  22470,     20,   2827,
2.6,   2570,    258,      0,   3320,   2257,   8681,   8607,  10047,  61000,   8838,  22470,     21,   2827,
2.6,   2570,    258,      0,   3337,   2261,   8689,   8599,  10047,  61000,   8838,  22470,     22,   2827,
2.6,   2570,    258,      0,   3329,   2257,   8684,   8606,  10047,  61000,   8838,  22470,     23,   2827,
2.6,   2570,    258,      0,   3329,   2257,   8684,   8605,  10047,  61000,   8838,  22470,     24,   2827,
2.6,   2570,    258,      0,   3337,   2257,   8689,   8605,  10047,  61000,   8838,  22470,     25,   2827,
2.6,   2570,    258,      0,   3329,   2260,   8686,   8602,  10047,  61000,   8838,  22470,     26,   2827,
2.6,   2570,    258,      0,   3337,   2257,   8691,   8605,  10047,  61000,   8838,  22470,     27,   2827,
2.6,   2570,    258,      0,   3329,   2257,   8686,   8607,  10047,  61000,   8838,  22470,     28,   2827,
2.6,   2570,    258,      0,   3337,   2257,   8691,   8606,  10047,  61000,   8838,  22470,     29,   2827,
2.6,   2570,    258,      0,   3337,   2254,   8691,   8611,  10047,  61000,   8838,  22470,     30,   2827,
2.6,   2570,    258,      0,   3345,   2254,   8695,   8610,  10047,  61000,   8838,  22470,     31,   2827,
2.6,   2570,    258,      0,   3337,   2253,   8691,   8613,  10047,  61000,   8838,  22470,     32,   2827,
2.6,   2570,    258,      0,   3345,   2251,   8692,   8617,  10047,  61000,   8838,  22470,     33,   2827,
2.6,   2570,    258,      0,   3345,   2253,   8695,   8614,  10047,  61000,   8838,  22470,     34,   2827,
36.2,   2570,    258,      0,   4728,   2308,   9373,   8507,   9535,  28232,   9110,   6022,      1,   2827,
36.2,   2570,    258,      0,   5455,   2343,   9762,   8442,   9535,  28232,   9110,   6022,     54,   2827,
36.2,   2570,    258,      0,   5455,   2343,   9763,   8442,   9535,  28232,   9110,   6022,     55,   2827,
36.2,   2570,    258,      0,   5447,   2343,   9757,   8441,   9535,  28232,   9110,   6022,     56,   2827,
36.2,   2570,    258,      0,   5439,   2344,   9753,   8436,   9535,  28232,   9110,   6022,     57,   2827,
36.2,   2570,    258,      0,   5432,   2344,   9749,   8438,   9535,  28232,   9110,   6022,     58,   2827,
36.2,   2570,    258,      0,   5432,   2344,   9748,   8437,   9535,  28232,   9110,   6022,     59,   2827,
36.2,   2570,    258,      0,   5425,   2349,   9744,   8430,   9535,  28232,   9110,   6022,     60,   2827,
36.2,   2570,    258,      0,   5418,   2347,   9740,   8433,   9535,  28232,   9110,   6022,     61,   2827,
36.2,   2570,    258,      0,   5425,   2349,   9745,   8428,   9535,  28232,   9110,   6022,     62,   2827,
36.2,   2570,    258,      0,   5418,   2351,   9741,   8426,   9535,  28232,   9110,   6022,     63,   2827,
36.2,   2570,    258,      0,   5410,   2351,   9739,   8425,   9535,  28232,   9110,   6022,     64,   2827,
36.2,   2570,    258,      0,   5410,   2352,   9739,   8423,   9535,  28232,   9110,   6022,     65,   2827,
36.2,   2570,    258,      0,   5418,   2356,   9740,   8419,   9535,  28232,   9110,   6022,     66,   2827,
36.2,   2570,    258,      0,   5410,   2351,   9739,   8424,   9535,  28232,   9110,   6022,     67,   2827,
36.2,   2570,    258,      0,   5402,   2356,   9735,   8418,   9535,  28232,   9110,   6022,     68,   2827,
36.2,   2570,    258,      0,   5410,   2357,   9737,   8415,   9535,  28232,   9110,   6022,     69,   2827,
36.2,   2570,    258,      0,   5410,   2359,   9737,   8410,   9535,  28232,   9110,   6022,     70,   2827,
36.2,   2570,    258,      0,   5425,   2359,   9745,   8410,   9535,  28232,   9110,   6022,     71,   2827,
36.2,   2570,    258,      0,   5418,   2359,   9741,   8409,   9535,  28232,   9110,   6022,     72,   2827,
36.2,   2570,    258,      0,   5418,   2361,   9740,   8406,   9535,  28232,   9110,   6022,     73,   2827,
36.2,   2570,    258,      0,   5418,   2361,   9740,   8404,   9535,  28232,   9110,   6022,     74,   2827,
36.2,   2570,    258,      0,   5402,   2361,   9734,   8405,   9535,  28232,   9110,   6022,     75,   2827,
36.2,   2570,    258,      0,   5402,   2361,   9732,   8404,   9535,  28232,   9110,   6022,     76,   2827,
36.2,   2570,    258,      0,   5402,   2366,   9732,   8399,   9535,  28232,   9110,   6022,     77,   2827,
36.2,   2570,    258,      0,   5396,   2363,   9729,   8401,   9535,  28232,   9110,   6022,     78,   2827,
36.2,   2570,    258,      0,   5389,   2368,   9726,   8395,   9535,  28232,   9110,   6022,     79,   2827,
