72.5,   2570,    258,      0,   2050,   2317,   8115,   8490,  57755,  57605,   2337,  25712,      1,   2827,
72.5,   2570,    258,      0,   5656,   2356,   9875,   8418,  57755,  57605,   2337,  25712,     15,   2827,
72.5,   2570,    258,      0,   5656,   2356,   9873,   8416,  57755,  57605,   2337,  25712,     16,   2827,
72.5,   2570,    258,      0,   5649,   2361,   9871,   8407,  57755,  57605,   2337,  25712,     17,   2827,
72.5,   2570,    258,      0,   5656,   2361,   9873,   8406,  57755,  57605,   2337,  25712,     18,   2827,
72.5,   2570,    258,      0,   5664,   2366,   9876,   8398,  57755,  57605,   2337,  25712,     19,   2827,
72.5,   2570,    258,      0,   5670,   2369,   9882,   8390,  57755,  57605,   2337,  25712,     20,   2827,
72.5,   2570,    258,      0,   5670,   2374,   9880,   8383,  57755,  57605,   2337,  25712,     21,   2827,
72.5,   2570,    258,      0,   5692,   2378,   9893,   8374,  57755,  57605,   2337,  25712,     22,   2827,
72.5,   2570,    258,      0,   5692,   2383,   9894,   8366,  57755,  57605,   2337,  25712,     23,   2827,
72.5,   2570,    258,      0,   5664,   2387,   9876,   8358,  57755,  57605,   2337,  25712,     24,   2827,
72.5,   2570,    258,      0,   5619,   2387,   9854,   8357,  57755,  57605,   2337,  25712,     25,   2827,
72.5,   2570,    258,      0,   5613,   2390,   9851,   8348,  57755,  57605,   2337,  25712,     26,   2827,
72.5,   2570,    258,      0,   5619,   2393,   9854,   8344,  57755,  57605,   2337,  25712,     27,   2827,
72.5,   2570,    258,      0,   5606,   2398,   9847,   8335,  57755,  57605,   2337,  25712,     28,   2827,
72.5,   2570,    258,      0,   5628,   2402,   9856,   8331,  57755,  57605,   2337,  25712,     29,   2827,
72.5,   2570,    258,      0,   5649,   2405,   9871,   8321,  57755,  57605,   2337,  25712,     30,   2827,
72.5,   2570,    258,      0,   5685,   2409,   9890,   8314,  57755,  57605,   2337,  25712,     31,   2827,
72.5,   2570,    258,      0,   5642,   2413,   9867,   8304,  57755,  57605,   2337,  25712,     32,   2827,
72.5,   2570,    258,      0,   5606,   2417,   9845,   8299,  57755,  57605,   2337,  25712,     33,   2827,
72.5,   2570,    258,      0,   5606,   2422,   9845,   8289,  57755,  57605,   2337,  25712,     34,   2827,
72.5,   2570,    258,      0,   5642,   2426,   9864,   8282,  57755,  57605,   2337,  25712,     35,   2827,
72.5,   2570,    258,      0,   5642,   2430,   9864,   8275,  57755,  57605,   2337,  25712,     36,   2827,
72.5,   2570,    258,      0,   5613,   2433,   9849,   8270,  57755,  57605,   2337,  25712,     37,   2827,
72.5,   2570,    258,      0,   5598,   2439,   9841,   8257,  57755,  57605,   2337,  25712,     38,   2827,
72.5,   2570,    258,      0,   5635,   2442,   9863,   8251,  57755,  57605,   2337,  25712,     39,   2827,
72.5,   2570,    258,      0,   5649,   2448,   9871,   8240,  57755,  57605,   2337,  25712,     40,   2827,
