71.2,   2570,    258,      0,   3675,   2563,   8849,   8021,  33985,  40017,   7030,  44041,      1,   2827,
71.2,   2570,    258,      0,   7074,   2580,  10716,   7988,  33985,  40017,   7030,  44041,     13,   2827,
71.2,   2570,    258,      0,   7061,   2585,  10709,   7983,  33985,  40017,   7030,  44041,     14,   2827,
71.2,   2570,    258,      0,   7049,   2585,  10703,   7980,  33985,  40017,   7030,  44041,     15,   2827,
71.2,   2570,    258,      0,   7049,   2587,  10700,   7979,  33985,  40017,   7030,  44041,     16,   2827,
71.2,   2570,    258,      0,   7043,   2589,  10697,   7973,  33985,  40017,   7030,  44041,     17,   2827,
71.2,   2570,    258,      0,   7043,   2595,  10696,   7963,  33985,  40017,   7030,  44041,     18,   2827,
71.2,   2570,    258,      0,   7036,   2595,  10692,   7960,  33985,  40017,   7030,  44041,     19,   2827,
71.2,   2570,    258,      0,   7043,   2599,  10697,   7952,  33985,  40017,   7030,  44041,     20,   2827,
71.2,   2570,    258,      0,   7043,   2602,  10697,   7950,  33985,  40017,   7030,  44041,     21,   2827,
71.2,   2570,    258,      0,   7043,   2602,  10699,   7948,  33985,  40017,   7030,  44041,     22,   2827,
71.2,   2570,    258,      0,   7054,   2608,  10707,   7939,  33985,  40017,   7030,  44041,     23,   2827,
71.2,   2570,    258,      0,   7061,   2611,  10709,   7932,  33985,  40017,   7030,  44041,     24,   2827,
71.2,   2570,    258,      0,   7054,   2616,  10707,   7923,  33985,  40017,   7030,  44041,     25,   2827,
71.2,   2570,    258,      0,   7043,   2616,  10697,   7920,  33985,  40017,   7030,  44041,     26,   2827,
71.2,   2570,    258,      0,   7043,   2618,  10697,   7916,  33985,  40017,   7030,  44041,     27,   2827,
71.2,   2570,    258,      0,   7036,   2625,  10693,   7907,  33985,  40017,   7030,  44041,     28,   2827,
71.2,   2570,    258,      0,   7036,   2632,  10692,   7895,  33985,  40017,   7030,  44041,     29,   2827,
71.2,   2570,    258,      0,   7024,   2630,  10687,   7896,  33985,  40017,   7030,  44041,     30,   2827,
71.2,   2570,    258,      0,   7017,   2636,  10680,   7884,  33985,  40017,   7030,  44041,     31,   2827,
71.2,   2570,    258,      0,   7011,   2641,  10679,   7876,  33985,  40017,   7030,  44041,     32,   2827,
71.2,   2570,    258,      0,   7054,   2643,  10705,   7872,  33985,  40017,   7030,  44041,     33,   2827,
71.2,   2570,    258,      0,   7093,   2650,  10731,   7862,  33985,  40017,   7030,  44041,     34,   2827,
71.2,   2570,    258,      0,   7100,   2650,  10732,   7860,  33985,  40017,   7030,  44041,     35,   2827,
71.2,   2570,    258,      0,   7093,   2659,  10731,   7846,  33985,  40017,   7030,  44041,     36,   2827,
71.2,   2570,    258,      0,   7125,   2664,  10749,   7834,  33985,  40017,   7030,  44041,     37,   2827,
71.2,   2570,    258,      0,   7143,   2669,  10761,   7827,  33985,  40017,   7030,  44041,     38,   2827,
2.9,   2570,    258,      0,   3883,   2216,   8949,   8686,  33985,  40017,   6966,  44041,      1,   2827,
2.9,   2570,    258,      0,   2437,   2201,   8281,   8715,  33985,  40017,   6966,  44041,      8,   2827,
2.9,   2570,    258,      0,   2427,   2199,   8279,   8719,  33985,  40017,   6966,  44041,      9,   2827,
2.9,   2570,    258,      0,   2446,   2198,   8284,   8721,  33985,  40017,   6966,  44041,     10,   2827,
2.9,   2570,    258,      0,   2446,   2196,   8284,   8725,  33985,  40017,   6966,  44041,     11,   2827,
2.9,   2570,    258,      0,   2446,   2196,   8284,   8727,  33985,  40017,   6966,  44041,     12,   2827,
2.9,   2570,    258,      0,   2446,   2193,   8284,   8731,  33985,  40017,   6966,  44041,     13,   2827,
2.9,   2570,    258,      0,   2437,   2189,   8281,   8737,  33985,  40017,   6966,  44041,     14,   2827,
2.9,   2570,    258,      0,   2446,   2187,   8285,   8742,  33985,  40017,   6966,  44041,     15,   2827,
2.9,   2570,    258,      0,   2446,   2185,   8286,   8746,  33985,  40017,   6966,  44041,     16,   2827,
2.9,   2570,    258,      0,   2446,   2185,   8285,   8747,  33985,  40017,   6966,  44041,     17,   2827,
2.9,   2570,    258,      0,   2454,   2181,   8288,   8752,  33985,  40017,   6966,  44041,     18,   2827,
2.9,   2570,    258,      0,   2454,   2179,   8290,   8757,  33985,  40017,   6966,  44041,     19,   2827,
2.9,   2570,    258,      0,   2454,   2177,   8288,   8761,  33985,  40017,   6966,  44041,     20,   2827,
2.9,   2570,    258,      0,   2464,   2174,   8292,   8764,  33985,  40017,   6966,  44041,     21,   2827,
2.9,   2570,    258,      0,   2454,   2174,   8290,   8767,  33985,  40017,   6966,  44041,     22,   2827,
2.9,   2570,    258,      0,   2454,   2172,   8289,   8768,  33985,  40017,   6966,  44041,     23,   2827,
2.9,   2570,    258,      0,   2464,   2172,   8292,   8770,  33985,  40017,   6966,  44041,     24,   2827,
2.9,   2570,    258,      0,   2464,   2170,   8295,   8774,  33985,  40017,   6966,  44041,     25,   2827,
2.9,   2570,    258,      0,   2464,   2165,   8293,   8780,  33985,  40017,   6966,  44041,     26,   2827,
2.9,   2570,    258,      0,   2464,   2164,   8292,   8784,  33985,  40017,   6966,  44041,     27,   2827,
2.9,   2570,    258,      0,   2473,   2162,   8296,   8789,  33985,  40017,   6966,  44041,     28,   2827,
2.9,   2570,    258,      0,   2473,   2162,   8296,   8791,  33985,  40017,   6966,  44041,     29,   2827,
2.9,   2570,    258,      0,   2473,   2160,   8299,   8794,  33985,  40017,   6966,  44041,     30,   2827,
2.9,   2570,    258,      0,   2473,   2155,   8299,   8801,  33985,  40017,   6966,  44041,     31,   2827,
2.9,   2570,    258,      0,   2473,   2154,   8296,   8804,  33985,  40017,   6966,  44041,     32,   2827,
2.9,   2570,    258,      0,   2482,   2152,   8300,   8808,  33985,  40017,   6966,  44041,     33,   2827,
36.5,   2570,    258,      0,   3883,   2196,   8948,   8725,  33985,  48209,   6966,  44041,      1,   2827,
36.5,   2570,    258,      0,   4789,   2204,   9405,   8710,  33985,  48209,   6966,  44041,     11,   2827,
36.5,   2570,    258,      0,   4773,   2201,   9398,   8712,  33985,  48209,   6966,  44041,     12,   2827,
36.5,   2570,    258,      0,   4766,   2204,   9394,   8708,  33985,  48209,   6966,  44041,     13,   2827,
36.5,   2570,    258,      0,   4766,   2206,   9392,   8707,  33985,  48209,   6966,  44041,     14,   2827,
36.5,   2570,    258,      0,   4742,   2208,   9383,   8703,  33985,  48209,   6966,  44041,     15,   2827,
36.5,   2570,    258,      0,   4751,   2206,   9387,   8707,  33985,  48209,   6966,  44041,     16,   2827,
36.5,   2570,    258,      0,   4735,   2206,   9378,   8705,  33985,  48209,   6966,  44041,     17,   2827,
36.5,   2570,    258,      0,   4735,   2208,   9377,   8702,  33985,  48209,   6966,  44041,     18,   2827,
36.5,   2570,    258,      0,   4735,   2210,   9377,   8698,  33985,  48209,   6966,  44041,     19,   2827,
36.5,   2570,    258,      0,   4735,   2212,   9377,   8695,  33985,  48209,   6966,  44041,     20,   2827,
36.5,   2570,    258,      0,   4735,   2212,   9378,   8694,  33985,  48209,   6966,  44041,     21,   2827,
36.5,   2570,    258,      0,   4742,   2210,   9382,   8696,  33985,  48209,   6966,  44041,     22,   2827,
36.5,   2570,    258,      0,   4742,   2212,   9381,   8693,  33985,  48209,   6966,  44041,     23,   2827,
36.5,   2570,    258,      0,   4742,   2212,   9380,   8692,  33985,  48209,   6966,  44041,     24,   2827,
36.5,   2570,    258,      0,   4742,   2216,   9383,   8686,  33985,  48209,   6966,  44041,     25,   2827,
36.5,   2570,    258,      0,   4742,   2212,   9380,   8693,  33985,  48209,   6966,  44041,     26,   2827,
36.5,   2570,    258,      0,   4742,   2216,   9383,   8685,  33985,  48209,   6966,  44041,     27,   2827,
36.5,   2570,    258,      0,   4735,   2218,   9379,   8683,  33985,  48209,   6966,  44041,     28,   2827,
36.5,   2570,    258,      0,   4735,   2218,   9378,   8683,  33985,  48209,   6966,  44041,     29,   2827,
36.5,   2570,    258,      0,   4728,   2218,   9375,   8682,  33985,  48209,   6966,  44041,     30,   2827,
36.5,   2570,    258,      0,   4735,   2218,   9376,   8680,  33985,  48209,   6966,  44041,     31,   2827,
36.5,   2570,    258,      0,   4728,   2220,   9373,   8676,  33985,  48209,   6966,  44041,     32,   2827,
36.5,   2570,    258,      0,   4735,   2220,   9377,   8676,  33985,  48209,   6966,  44041,     33,   2827,
36.5,   2570,    258,      0,   4728,   2222,   9375,   8673,  33985,  48209,   6966,  44041,     34,   2827,
36.5,   2570,    258,      0,   4728,   2222,   9373,   8673,  33985,  48209,   6966,  44041,     35,   2827,
36.5,   2570,    258,      0,   4719,   2224,   9371,   8671,  33985,  48209,   6966,  44041,     36,   2827,
35.5,   2570,    258,      0,   3808,   2236,   8915,   8646,  33989,  40017,   7030,  44041,      1,   2827,
35.5,   2570,    258,      0,   4657,   2241,   9336,   8638,  33989,  40017,   7030,  44041,     10,   2827,
35.5,   2570,    258,      0,   4650,   2241,   9333,   8638,  33989,  40017,   7030,  44041,     11,   2827,
35.5,   2570,    258,      0,   4643,   2243,   9329,   8633,  33989,  40017,   7030,  44041,     12,   2827,
35.5,   2570,    258,      0,   4643,   2245,   9330,   8630,  33989,  40017,   7030,  44041,     13,   2827,
35.5,   2570,    258,      0,   4634,   2245,   9324,   8629,  33989,  40017,   7030,  44041,     14,   2827,
35.5,   2570,    258,      0,   4634,   2245,   9326,   8630,  33989,  40017,   7030,  44041,     15,   2827,
35.5,   2570,    258,      0,   4634,   2245,   9326,   8629,  33989,  40017,   7030,  44041,     16,   2827,
35.5,   2570,    258,      0,   4626,   2245,   9323,   8629,  33989,  40017,   7030,  44041,     17,   2827,
35.5,   2570,    258,      0,   4634,   2245,   9325,   8628,  33989,  40017,   7030,  44041,     18,   2827,
35.5,   2570,    258,      0,   4626,   2247,   9321,   8624,  33989,  40017,   7030,  44041,     19,   2827,
35.5,   2570,    258,      0,   4626,   2249,   9323,   8622,  33989,  40017,   7030,  44041,     20,   2827,
35.5,   2570,    258,      0,   4619,   2249,   9319,   8622,  33989,  40017,   7030,  44041,     21,   2827,
35.5,   2570,    258,      0,   4626,   2249,   9320,   8622,  33989,  40017,   7030,  44041,     22,   2827,
35.5,   2570,    258,      0,   4619,   2251,   9319,   8619,  33989,  40017,   7030,  44041,     23,   2827,
35.5,   2570,    258,      0,   4619,   2251,   9318,   8618,  33989,  40017,   7030,  44041,     24,   2827,
35.5,   2570,    258,      0,   4619,   2253,   9319,   8614,  33989,  40017,   7030,  44041,     25,   2827,
35.5,   2570,    258,      0,   4626,   2251,   9320,   8618,  33989,  40017,   7030,  44041,     26,   2827,
35.5,   2570,    258,      0,   4626,   2253,   9321,   8613,  33989,  40017,   7030,  44041,     27,   2827,
35.5,   2570,    258,      0,   4619,   2253,   9316,   8614,  33989,  40017,   7030,  44041,     28,   2827,
35.5,   2570,    258,      0,   4619,   2254,   9316,   8611,  33989,  40017,   7030,  44041,     29,   2827,
35.5,   2570,    258,      0,   4619,   2257,   9317,   8606,  33989,  40017,   7030,  44041,     30,   2827,
35.5,   2570,    258,      0,   4626,   2257,   9320,   8607,  33989,  40017,   7030,  44041,     31,   2827,
35.5,   2570,    258,      0,   4634,   2257,   9325,   8606,  33989,  40017,   7030,  44041,     32,   2827,
35.5,   2570,    258,      0,   4634,   2260,   9324,   8601,  33989,  40017,   7030,  44041,     33,   2827,
35.5,   2570,    258,      0,   4634,   2261,   9327,   8599,  33989,  40017,   7030,  44041,     34,   2827,
35.5,   2570,    258,      0,   4634,   2263,   9326,   8595,  33989,  40017,   7030,  44041,     35,   2827,
