69.2,   2570,    258,      0,   3834,   2238,   8927,   8640,  37378,   8572,  44277,  45186,      1,   2827,
69.2,   2570,    258,      0,   7030,   2268,  10688,   8587,  37378,   8572,  44277,  45186,     48,   2827,
69.2,   2570,    258,      0,   7017,   2272,  10680,   8579,  37378,   8572,  44277,  45186,     49,   2827,
69.2,   2570,    258,      0,   7017,   2272,  10680,   8576,  37378,   8572,  44277,  45186,     50,   2827,
69.2,   2570,    258,      0,   7024,   2275,  10684,   8572,  37378,   8572,  44277,  45186,     51,   2827,
69.2,   2570,    258,      0,   7024,   2278,  10687,   8567,  37378,   8572,  44277,  45186,     52,   2827,
69.2,   2570,    258,      0,   7024,   2281,  10685,   8558,  37378,   8572,  44277,  45186,     53,   2827,
69.2,   2570,    258,      0,   7017,   2285,  10682,   8554,  37378,   8572,  44277,  45186,     54,   2827,
69.2,   2570,    258,      0,   7024,   2287,  10685,   8550,  37378,   8572,  44277,  45186,     55,   2827,
69.2,   2570,    258,      0,   7011,   2290,  10677,   8542,  37378,   8572,  44277,  45186,     56,   2827,
69.2,   2570,    258,      0,   6998,   2293,  10669,   8538,  37378,   8572,  44277,  45186,     57,   2827,
69.2,   2570,    258,      0,   7011,   2298,  10678,   8526,  37378,   8572,  44277,  45186,     58,   2827,
69.2,   2570,    258,      0,   7054,   2301,  10704,   8520,  37378,   8572,  44277,  45186,     59,   2827,
69.2,   2570,    258,      0,   7036,   2305,  10693,   8512,  37378,   8572,  44277,  45186,     60,   2827,
69.2,   2570,    258,      0,   7005,   2307,  10673,   8508,  37378,   8572,  44277,  45186,     61,   2827,
69.2,   2570,    258,      0,   6985,   2311,  10661,   8503,  37378,   8572,  44277,  45186,     62,   2827,
69.2,   2570,    258,      0,   6979,   2315,  10659,   8493,  37378,   8572,  44277,  45186,     63,   2827,
69.2,   2570,    258,      0,   6973,   2317,  10652,   8490,  37378,   8572,  44277,  45186,     64,   2827,
69.2,   2570,    258,      0,   6966,   2322,  10651,   8483,  37378,   8572,  44277,  45186,     65,   2827,
69.2,   2570,    258,      0,   6998,   2324,  10668,   8477,  37378,   8572,  44277,  45186,     66,   2827,
69.2,   2570,    258,      0,   6998,   2329,  10671,   8468,  37378,   8572,  44277,  45186,     67,   2827,
69.2,   2570,    258,      0,   7005,   2334,  10673,   8459,  37378,   8572,  44277,  45186,     68,   2827,
69.2,   2570,    258,      0,   6992,   2336,  10667,   8454,  37378,   8572,  44277,  45186,     69,   2827,
69.2,   2570,    258,      0,   6979,   2343,  10658,   8442,  37378,   8572,  44277,  45186,     70,   2827,
69.2,   2570,    258,      0,   6966,   2344,  10648,   8436,  37378,   8572,  44277,  45186,     71,   2827,
69.2,   2570,    258,      0,   6960,   2349,  10644,   8431,  37378,   8572,  44277,  45186,     72,   2827,
69.2,   2570,    258,      0,   6960,   2352,  10646,   8423,  37378,   8572,  44277,  45186,     73,   2827,
