2,   2570,    265,      8,   2263,   8778,  36320,  48834,  21355,  15819,   2753,  50186,      3,   2827,
2,   2570,    265,      8,   2222,   8636,  36320,  48834,  21355,  15819,   2753,  50186,     26,   2827,
2,   2570,    265,      8,   2220,   8638,  36320,  48834,  21355,  15819,   2753,  50186,     27,   2827,
2,   2570,    265,      8,   2220,   8639,  36320,  48834,  21355,  15819,   2753,  50186,     28,   2827,
2,   2570,    265,      8,   2214,   8637,  36320,  48834,  21355,  15819,   2753,  50186,     29,   2827,
2,   2570,    265,      8,   2216,   8638,  36320,  48834,  21355,  15819,   2753,  50186,     30,   2827,
2,   2570,    265,      8,   2214,   8640,  36320,  48834,  21355,  15819,   2753,  50186,     31,   2827,
2,   2570,    265,      8,   2210,   8642,  36320,  48834,  21355,  15819,   2753,  50186,     32,   2827,
2,   2570,    265,      8,   2210,   8641,  36320,  48834,  21355,  15819,   2753,  50186,     33,   2827,
2,   2570,    265,      8,   2208,   8642,  36320,  48834,  21355,  15819,   2753,  50186,     34,   2827,
2,   2570,    265,      8,   2204,   8641,  36320,  48834,  21355,  15819,   2753,  50186,     35,   2827,
2,   2570,    265,      8,   2204,   8642,  36320,  48834,  21355,  15819,   2753,  50186,     36,   2827,
2,   2570,    265,      8,   2204,   8645,  36320,  48834,  21355,  15819,   2753,  50186,     37,   2827,
2,   2570,    265,      8,   2199,   8645,  36320,  48834,  21355,  15819,   2753,  50186,     38,   2827,
2,   2570,    265,      8,   2198,   8646,  36320,  48834,  21355,  15819,   2753,  50186,     39,   2827,
2,   2570,    265,      8,   2198,   8646,  36320,  48834,  21355,  15819,   2753,  50186,     40,   2827,
2,   2570,    265,      8,   2196,   8648,  36320,  48834,  21355,  15819,   2753,  50186,     41,   2827,
2,   2570,    265,      8,   2196,   8648,  36320,  48834,  21355,  15819,   2753,  50186,     42,   2827,
2,   2570,    265,      8,   2193,   8653,  36320,  48834,  21355,  15819,   2753,  50186,     43,   2827,
2,   2570,    265,      8,   2191,   8653,  36320,  48834,  21355,  15819,   2753,  50186,     44,   2827,
2,   2570,    265,      8,   2187,   8656,  36320,  48834,  21355,  15819,   2753,  50186,     45,   2827,
2,   2570,    265,      8,   2185,   8657,  36320,  48834,  21355,  15819,   2753,  50186,     46,   2827,
2,   2570,    265,      8,   2185,   8655,  36320,  48834,  21355,  15819,   2753,  50186,     47,   2827,
2,   2570,    265,      8,   2183,   8660,  36320,  48834,  21355,  15819,   2753,  50186,     48,   2827,
2,   2570,    265,      8,   2181,   8658,  36320,  48834,  21355,  15819,   2753,  50186,     49,   2827,
2,   2570,    265,      8,   2179,   8657,  36320,  48834,  21355,  15819,   2753,  50186,     50,   2827,
