3.7,   2570,    258,      0,   4280,   2185,   9146,   8747,   3352,  59153,  13828,   6345,      1,   2827,
3.7,   2570,    258,      0,   2814,   2179,   8449,   8759,   3352,  59153,  13828,   6345,     14,   2827,
3.7,   2570,    258,      0,   2806,   2174,   8446,   8765,   3352,  59153,  13828,   6345,     15,   2827,
3.7,   2570,    258,      0,   2806,   2170,   8445,   8772,   3352,  59153,  13828,   6345,     16,   2827,
3.7,   2570,    258,      0,   2806,   2172,   8446,   8769,   3352,  59153,  13828,   6345,     17,   2827,
3.7,   2570,    258,      0,   2814,   2170,   8448,   8772,   3352,  59153,  13828,   6345,     18,   2827,
3.7,   2570,    258,      0,   2806,   2172,   8446,   8771,   3352,  59153,  13828,   6345,     19,   2827,
3.7,   2570,    258,      0,   2814,   2168,   8451,   8777,   3352,  59153,  13828,   6345,     20,   2827,
3.7,   2570,    258,      0,   2814,   2168,   8451,   8778,   3352,  59153,  13828,   6345,     21,   2827,
3.7,   2570,    258,      0,   2822,   2165,   8452,   8781,   3352,  59153,  13828,   6345,     22,   2827,
3.7,   2570,    258,      0,   2833,   2164,   8456,   8786,   3352,  59153,  13828,   6345,     23,   2827,
3.7,   2570,    258,      0,   2822,   2164,   8452,   8786,   3352,  59153,  13828,   6345,     24,   2827,
3.7,   2570,    258,      0,   2822,   2162,   8455,   8791,   3352,  59153,  13828,   6345,     25,   2827,
3.7,   2570,    258,      0,   2822,   2162,   8455,   8790,   3352,  59153,  13828,   6345,     26,   2827,
3.7,   2570,    258,      0,   2822,   2160,   8455,   8794,   3352,  59153,  13828,   6345,     27,   2827,
3.7,   2570,    258,      0,   2833,   2158,   8457,   8799,   3352,  59153,  13828,   6345,     28,   2827,
3.7,   2570,    258,      0,   2833,   2155,   8459,   8802,   3352,  59153,  13828,   6345,     29,   2827,
3.7,   2570,    258,      0,   2833,   2154,   8458,   8805,   3352,  59153,  13828,   6345,     30,   2827,
3.7,   2570,    258,      0,   2841,   2154,   8463,   8807,   3352,  59153,  13828,   6345,     31,   2827,
3.7,   2570,    258,      0,   2841,   2152,   8461,   8810,   3352,  59153,  13828,   6345,     32,   2827,
3.7,   2570,    258,      0,   2841,   2150,   8461,   8814,   3352,  59153,  13828,   6345,     33,   2827,
3.7,   2570,    258,      0,   2841,   2147,   8463,   8816,   3352,  59153,  13828,   6345,     34,   2827,
3.7,   2570,    258,      0,   2841,   2145,   8461,   8820,   3352,  59153,  13828,   6345,     35,   2827,
3.7,   2570,    258,      0,   2841,   2145,   8463,   8821,   3352,  59153,  13828,   6345,     36,   2827,
3.7,   2570,    258,      0,   2849,   2145,   8465,   8823,   3352,  59153,  13828,   6345,     37,   2827,
3.7,   2570,    258,      0,   2849,   2143,   8466,   8825,   3352,  59153,  13828,   6345,     38,   2827,
3.7,   2570,    258,      0,   2858,   2141,   8468,   8830,   3352,  59153,  13828,   6345,     39,   2827,
76.9,   2570,    258,      0,   4312,   2305,   9160,   8513,   3352,  59156,   9732,  14537,     30,   2827,
76.9,   2570,    258,      0,   7638,   2361,  11086,   8407,   3352,  59156,   9732,  14537,    109,   2827,
76.9,   2570,    258,      0,   7638,   2361,  11086,   8404,   3352,  59156,   9732,  14537,    110,   2827,
76.9,   2570,    258,      0,   7638,   2366,  11087,   8397,   3352,  59156,   9732,  14537,    111,   2827,
76.9,   2570,    258,      0,   7656,   2368,  11096,   8392,   3352,  59156,   9732,  14537,    112,   2827,
76.9,   2570,    258,      0,   7663,   2374,  11101,   8380,   3352,  59156,   9732,  14537,    113,   2827,
76.9,   2570,    258,      0,   7686,   2378,  11118,   8374,   3352,  59156,   9732,  14537,    114,   2827,
76.9,   2570,    258,      0,   7692,   2383,  11122,   8367,   3352,  59156,   9732,  14537,    115,   2827,
76.9,   2570,    258,      0,   7668,   2387,  11106,   8358,   3352,  59156,   9732,  14537,    116,   2827,
76.9,   2570,    258,      0,   7663,   2388,  11102,   8353,   3352,  59156,   9732,  14537,    117,   2827,
76.9,   2570,    258,      0,   7656,   2395,  11096,   8342,   3352,  59156,   9732,  14537,    118,   2827,
76.9,   2570,    258,      0,   7645,   2397,  11091,   8336,   3352,  59156,   9732,  14537,    119,   2827,
76.9,   2570,    258,      0,   7651,   2402,  11093,   8330,   3352,  59156,   9732,  14537,    120,   2827,
76.9,   2570,    258,      0,   7674,   2407,  11110,   8318,   3352,  59156,   9732,  14537,    121,   2827,
76.9,   2570,    258,      0,   7711,   2413,  11133,   8305,   3352,  59156,   9732,  14537,    122,   2827,
76.9,   2570,    258,      0,   7751,   2420,  11160,   8294,   3352,  59156,   9732,  14537,    123,   2827,
76.9,   2570,    258,      0,   7776,   2426,  11176,   8282,   3352,  59156,   9732,  14537,    124,   2827,
76.9,   2570,    258,      0,   7758,   2433,  11164,   8270,   3352,  59156,   9732,  14537,    125,   2827,
76.9,   2570,    258,      0,   7728,   2439,  11145,   8259,   3352,  59156,   9732,  14537,    126,   2827,
76.9,   2570,    258,      0,   7711,   2442,  11135,   8248,   3352,  59156,   9732,  14537,    127,   2827,
76.9,   2570,    258,      0,   7711,   2448,  11132,   8241,   3352,  59156,   9732,  14537,    128,   2827,
76.9,   2570,    258,      0,   7722,   2453,  11142,   8230,   3352,  59156,   9732,  14537,    129,   2827,
76.9,   2570,    258,      0,   7704,   2457,  11128,   8222,   3352,  59156,   9732,  14537,    130,   2827,
76.9,   2570,    258,      0,   7656,   2464,  11096,   8208,   3352,  59156,   9732,  14537,    131,   2827,
76.9,   2570,    258,      0,   7621,   2468,  11074,   8200,   3352,  59156,   9732,  14537,    132,   2827,
76.9,   2570,    258,      0,   7608,   2472,  11067,   8195,   3352,  59156,   9732,  14537,    133,   2827,
76.9,   2570,    258,      0,   7638,   2475,  11085,   8188,   3352,  59156,   9732,  14537,    134,   2827,
36,   2570,    258,      0,   3998,   2359,   9006,   8408,   3352,  59152,   9732,  14537,      1,   2827,
36,   2570,    258,      0,   4773,   2368,   9398,   8392,   3352,  59152,   9732,  14537,     14,   2827,
36,   2570,    258,      0,   4773,   2368,   9398,   8395,   3352,  59152,   9732,  14537,     15,   2827,
36,   2570,    258,      0,   4766,   2368,   9395,   8392,   3352,  59152,   9732,  14537,     16,   2827,
36,   2570,    258,      0,   4773,   2368,   9396,   8392,   3352,  59152,   9732,  14537,     17,   2827,
36,   2570,    258,      0,   4766,   2369,   9392,   8390,   3352,  59152,   9732,  14537,     18,   2827,
36,   2570,    258,      0,   4773,   2372,   9396,   8384,   3352,  59152,   9732,  14537,     19,   2827,
36,   2570,    258,      0,   4781,   2372,   9402,   8384,   3352,  59152,   9732,  14537,     20,   2827,
36,   2570,    258,      0,   4773,   2372,   9398,   8386,   3352,  59152,   9732,  14537,     21,   2827,
36,   2570,    258,      0,   4781,   2372,   9401,   8384,   3352,  59152,   9732,  14537,     22,   2827,
36,   2570,    258,      0,   4781,   2374,   9400,   8382,   3352,  59152,   9732,  14537,     23,   2827,
36,   2570,    258,      0,   4773,   2377,   9399,   8376,   3352,  59152,   9732,  14537,     24,   2827,
36,   2570,    258,      0,   4773,   2377,   9397,   8377,   3352,  59152,   9732,  14537,     25,   2827,
36,   2570,    258,      0,   4773,   2378,   9398,   8373,   3352,  59152,   9732,  14537,     26,   2827,
36,   2570,    258,      0,   4766,   2378,   9393,   8372,   3352,  59152,   9732,  14537,     27,   2827,
36,   2570,    258,      0,   4781,   2379,   9400,   8371,   3352,  59152,   9732,  14537,     28,   2827,
36,   2570,    258,      0,   4773,   2379,   9398,   8371,   3352,  59152,   9732,  14537,     29,   2827,
36,   2570,    258,      0,   4773,   2379,   9398,   8369,   3352,  59152,   9732,  14537,     30,   2827,
36,   2570,    258,      0,   4773,   2384,   9399,   8363,   3352,  59152,   9732,  14537,     31,   2827,
36,   2570,    258,      0,   4766,   2383,   9393,   8364,   3352,  59152,   9732,  14537,     32,   2827,
36,   2570,    258,      0,   4773,   2384,   9396,   8362,   3352,  59152,   9732,  14537,     33,   2827,
36,   2570,    258,      0,   4758,   2384,   9391,   8360,   3352,  59152,   9732,  14537,     34,   2827,
36,   2570,    258,      0,   4766,   2387,   9392,   8358,   3352,  59152,   9732,  14537,     35,   2827,
36,   2570,    258,      0,   4766,   2387,   9392,   8359,   3352,  59152,   9732,  14537,     36,   2827,
36,   2570,    258,      0,   4758,   2388,   9390,   8354,   3352,  59152,   9732,  14537,     37,   2827,
36,   2570,    258,      0,   4758,   2388,   9391,   8353,   3352,  59152,   9732,  14537,     38,   2827,
36,   2570,    258,      0,   4751,   2393,   9387,   8347,   3352,  59152,   9732,  14537,     39,   2827,
