60,   2570,    258,      0,   4086,   2470,   9050,   8199,  51905,  24176,  23329,  55887,      1,   2827,
60,   2570,    258,      0,   5476,   2475,   9774,   8188,  51905,  24176,  23329,  55887,     32,   2827,
60,   2570,    258,      0,   5447,   2477,   9758,   8185,  51905,  24176,  23329,  55887,     33,   2827,
60,   2570,    258,      0,   5432,   2478,   9749,   8181,  51905,  24176,  23329,  55887,     34,   2827,
60,   2570,    258,      0,   5425,   2481,   9744,   8176,  51905,  24176,  23329,  55887,     35,   2827,
60,   2570,    258,      0,   5418,   2484,   9742,   8173,  51905,  24176,  23329,  55887,     36,   2827,
60,   2570,    258,      0,   5425,   2485,   9746,   8168,  51905,  24176,  23329,  55887,     37,   2827,
60,   2570,    258,      0,   5425,   2487,   9746,   8165,  51905,  24176,  23329,  55887,     38,   2827,
60,   2570,    258,      0,   5425,   2489,   9747,   8161,  51905,  24176,  23329,  55887,     39,   2827,
60,   2570,    258,      0,   5410,   2494,   9736,   8152,  51905,  24176,  23329,  55887,     40,   2827,
60,   2570,    258,      0,   5402,   2494,   9732,   8152,  51905,  24176,  23329,  55887,     41,   2827,
60,   2570,    258,      0,   5410,   2497,   9736,   8147,  51905,  24176,  23329,  55887,     42,   2827,
60,   2570,    258,      0,   5418,   2501,   9743,   8141,  51905,  24176,  23329,  55887,     43,   2827,
60,   2570,    258,      0,   5410,   2504,   9739,   8134,  51905,  24176,  23329,  55887,     44,   2827,
60,   2570,    258,      0,   5396,   2504,   9731,   8132,  51905,  24176,  23329,  55887,     45,   2827,
60,   2570,    258,      0,   5380,   2511,   9720,   8123,  51905,  24176,  23329,  55887,     46,   2827,
60,   2570,    258,      0,   5358,   2511,   9708,   8121,  51905,  24176,  23329,  55887,     47,   2827,
60,   2570,    258,      0,   5345,   2513,   9702,   8116,  51905,  24176,  23329,  55887,     48,   2827,
60,   2570,    258,      0,   5337,   2516,   9698,   8109,  51905,  24176,  23329,  55887,     49,   2827,
60,   2570,    258,      0,   5329,   2519,   9692,   8106,  51905,  24176,  23329,  55887,     50,   2827,
60,   2570,    258,      0,   5322,   2523,   9689,   8098,  51905,  24176,  23329,  55887,     51,   2827,
60,   2570,    258,      0,   5322,   2525,   9689,   8094,  51905,  24176,  23329,  55887,     52,   2827,
60,   2570,    258,      0,   5329,   2528,   9694,   8091,  51905,  24176,  23329,  55887,     53,   2827,
60,   2570,    258,      0,   5329,   2530,   9695,   8085,  51905,  24176,  23329,  55887,     54,   2827,
60,   2570,    258,      0,   5345,   2534,   9702,   8079,  51905,  24176,  23329,  55887,     55,   2827,
60,   2570,    258,      0,   5358,   2536,   9708,   8073,  51905,  24176,  23329,  55887,     56,   2827,
60,   2570,    258,      0,   5358,   2540,   9708,   8066,  51905,  24176,  23329,  55887,     57,   2827,
