72.4,   2570,    258,      0,   3701,   2352,   8862,   8421,  33429,  34344,  19993,  64819,      1,   2827,
72.4,   2570,    258,      0,   6761,   2378,  10521,   8374,  33429,  34344,  19993,  64819,     13,   2827,
72.4,   2570,    258,      0,   6747,   2379,  10514,   8369,  33429,  34344,  19993,  64819,     14,   2827,
72.4,   2570,    258,      0,   6767,   2384,  10526,   8363,  33429,  34344,  19993,  64819,     15,   2827,
72.4,   2570,    258,      0,   6780,   2387,  10534,   8356,  33429,  34344,  19993,  64819,     16,   2827,
72.4,   2570,    258,      0,   6792,   2390,  10541,   8350,  33429,  34344,  19993,  64819,     17,   2827,
72.4,   2570,    258,      0,   6780,   2393,  10532,   8344,  33429,  34344,  19993,  64819,     18,   2827,
72.4,   2570,    258,      0,   6734,   2398,  10505,   8333,  33429,  34344,  19993,  64819,     19,   2827,
72.4,   2570,    258,      0,   6708,   2402,  10491,   8331,  33429,  34344,  19993,  64819,     20,   2827,
72.4,   2570,    258,      0,   6715,   2403,  10495,   8326,  33429,  34344,  19993,  64819,     21,   2827,
72.4,   2570,    258,      0,   6767,   2407,  10525,   8317,  33429,  34344,  19993,  64819,     22,   2827,
72.4,   2570,    258,      0,   6787,   2413,  10538,   8306,  33429,  34344,  19993,  64819,     23,   2827,
72.4,   2570,    258,      0,   6787,   2417,  10538,   8299,  33429,  34344,  19993,  64819,     24,   2827,
72.4,   2570,    258,      0,   6792,   2422,  10540,   8290,  33429,  34344,  19993,  64819,     25,   2827,
72.4,   2570,    258,      0,   6792,   2426,  10540,   8283,  33429,  34344,  19993,  64819,     26,   2827,
72.4,   2570,    258,      0,   6773,   2430,  10530,   8275,  33429,  34344,  19993,  64819,     27,   2827,
72.4,   2570,    258,      0,   6754,   2434,  10518,   8267,  33429,  34344,  19993,  64819,     28,   2827,
72.4,   2570,    258,      0,   6773,   2437,  10528,   8262,  33429,  34344,  19993,  64819,     29,   2827,
72.4,   2570,    258,      0,   6767,   2441,  10527,   8254,  33429,  34344,  19993,  64819,     30,   2827,
72.4,   2570,    258,      0,   6754,   2445,  10517,   8245,  33429,  34344,  19993,  64819,     31,   2827,
72.4,   2570,    258,      0,   6747,   2449,  10514,   8236,  33429,  34344,  19993,  64819,     32,   2827,
72.4,   2570,    258,      0,   6742,   2456,  10508,   8227,  33429,  34344,  19993,  64819,     33,   2827,
72.4,   2570,    258,      0,   6767,   2462,  10524,   8215,  33429,  34344,  19993,  64819,     34,   2827,
72.4,   2570,    258,      0,   6780,   2467,  10532,   8207,  33429,  34344,  19993,  64819,     35,   2827,
72.4,   2570,    258,      0,   6747,   2468,  10512,   8200,  33429,  34344,  19993,  64819,     36,   2827,
72.4,   2570,    258,      0,   6742,   2475,  10509,   8190,  33429,  34344,  19993,  64819,     37,   2827,
72.4,   2570,    258,      0,   6689,   2477,  10476,   8187,  33429,  34344,  19993,  64819,     38,   2827,
