4,   2570,    258,      0,    402,   2254,   7443,   8608,  10043,  40220,   4575,  49874,      3,   2827,
4,   2570,    258,      0,    268,   2206,   7391,   8705,  10043,  40220,   4575,  49874,     27,   2827,
4,   2570,    258,      0,    279,   2204,   7394,   8708,  10043,  40220,   4575,  49874,     28,   2827,
4,   2570,    258,      0,    279,   2204,   7393,   8709,  10043,  40220,   4575,  49874,     29,   2827,
4,   2570,    258,      0,    279,   2201,   7394,   8715,  10043,  40220,   4575,  49874,     30,   2827,
4,   2570,    258,      0,    279,   2199,   7394,   8716,  10043,  40220,   4575,  49874,     31,   2827,
4,   2570,    258,      0,    279,   2198,   7394,   8722,  10043,  40220,   4575,  49874,     32,   2827,
4,   2570,    258,      0,    279,   2193,   7393,   8729,  10043,  40220,   4575,  49874,     33,   2827,
4,   2570,    258,      0,    279,   2191,   7395,   8733,  10043,  40220,   4575,  49874,     34,   2827,
4,   2570,    258,      0,    279,   2191,   7393,   8734,  10043,  40220,   4575,  49874,     35,   2827,
4,   2570,    258,      0,    289,   2189,   7397,   8736,  10043,  40220,   4575,  49874,     36,   2827,
4,   2570,    258,      0,    289,   2187,   7396,   8743,  10043,  40220,   4575,  49874,     37,   2827,
4,   2570,    258,      0,    289,   2185,   7399,   8745,  10043,  40220,   4575,  49874,     38,   2827,
4,   2570,    258,      0,    289,   2181,   7399,   8753,  10043,  40220,   4575,  49874,     39,   2827,
4,   2570,    258,      0,    299,   2179,   7401,   8759,  10043,  40220,   4575,  49874,     40,   2827,
4,   2570,    258,      0,    299,   2179,   7401,   8757,  10043,  40220,   4575,  49874,     41,   2827,
4,   2570,    258,      0,    289,   2177,   7399,   8760,  10043,  40220,   4575,  49874,     42,   2827,
4,   2570,    258,      0,    309,   2174,   7406,   8764,  10043,  40220,   4575,  49874,     43,   2827,
4,   2570,    258,      0,    309,   2172,   7406,   8771,  10043,  40220,   4575,  49874,     44,   2827,
4,   2570,    258,      0,    309,   2172,   7404,   8770,  10043,  40220,   4575,  49874,     45,   2827,
4,   2570,    258,      0,    320,   2170,   7409,   8773,  10043,  40220,   4575,  49874,     46,   2827,
4,   2570,    258,      0,    309,   2165,   7405,   8780,  10043,  40220,   4575,  49874,     47,   2827,
4,   2570,    258,      0,    320,   2164,   7409,   8786,  10043,  40220,   4575,  49874,     48,   2827,
4,   2570,    258,      0,    320,   2164,   7410,   8786,  10043,  40220,   4575,  49874,     49,   2827,
4,   2570,    258,      0,    331,   2160,   7413,   8793,  10043,  40220,   4575,  49874,     50,   2827,
4,   2570,    258,      0,    309,   2160,   7406,   8793,  10043,  40220,   4575,  49874,     51,   2827,
