4,   2570,    258,      0,   1673,   2301,   7954,   8523,   7815,  22073,  36362,   4745,      3,   2827,
4,   2570,    258,      0,   1393,   2261,   7836,   8599,   7815,  22073,  36362,   4745,     27,   2827,
4,   2570,    258,      0,   1393,   2257,   7839,   8604,   7815,  22073,  36362,   4745,     28,   2827,
4,   2570,    258,      0,   1393,   2257,   7837,   8606,   7815,  22073,  36362,   4745,     29,   2827,
4,   2570,    258,      0,   1393,   2254,   7839,   8610,   7815,  22073,  36362,   4745,     30,   2827,
4,   2570,    258,      0,   1402,   2253,   7843,   8615,   7815,  22073,  36362,   4745,     31,   2827,
4,   2570,    258,      0,   1413,   2251,   7845,   8617,   7815,  22073,  36362,   4745,     32,   2827,
4,   2570,    258,      0,   1402,   2247,   7843,   8624,   7815,  22073,  36362,   4745,     33,   2827,
4,   2570,    258,      0,   1413,   2249,   7844,   8621,   7815,  22073,  36362,   4745,     34,   2827,
4,   2570,    258,      0,   1413,   2245,   7846,   8630,   7815,  22073,  36362,   4745,     35,   2827,
4,   2570,    258,      0,   1402,   2245,   7843,   8630,   7815,  22073,  36362,   4745,     36,   2827,
4,   2570,    258,      0,   1413,   2241,   7847,   8637,   7815,  22073,  36362,   4745,     37,   2827,
4,   2570,    258,      0,   1422,   2241,   7851,   8638,   7815,  22073,  36362,   4745,     38,   2827,
4,   2570,    258,      0,   1413,   2236,   7847,   8644,   7815,  22073,  36362,   4745,     39,   2827,
4,   2570,    258,      0,   1432,   2238,   7852,   8643,   7815,  22073,  36362,   4745,     40,   2827,
4,   2570,    258,      0,   1432,   2234,   7852,   8648,   7815,  22073,  36362,   4745,     41,   2827,
4,   2570,    258,      0,   1432,   2234,   7853,   8651,   7815,  22073,  36362,   4745,     42,   2827,
4,   2570,    258,      0,   1432,   2230,   7854,   8658,   7815,  22073,  36362,   4745,     43,   2827,
4,   2570,    258,      0,   1442,   2228,   7857,   8662,   7815,  22073,  36362,   4745,     44,   2827,
4,   2570,    258,      0,   1442,   2226,   7857,   8665,   7815,  22073,  36362,   4745,     45,   2827,
4,   2570,    258,      0,   1442,   2226,   7859,   8667,   7815,  22073,  36362,   4745,     46,   2827,
4,   2570,    258,      0,   1452,   2224,   7860,   8670,   7815,  22073,  36362,   4745,     47,   2827,
4,   2570,    258,      0,   1442,   2222,   7859,   8675,   7815,  22073,  36362,   4745,     48,   2827,
4,   2570,    258,      0,   1452,   2220,   7861,   8678,   7815,  22073,  36362,   4745,     49,   2827,
4,   2570,    258,      0,   1452,   2220,   7861,   8678,   7815,  22073,  36362,   4745,     50,   2827,
4,   2570,    258,      0,   1452,   2216,   7862,   8684,   7815,  22073,  36362,   4745,     51,   2827,
