2,   2570,    258,      0,    289,   2325,   7398,   8475,  41217,  13464,  15984,  18230,      3,   2827,
2,   2570,    258,      0,  65288,   2272,   7192,   8578,  41217,  13464,  15984,  18230,     28,   2827,
2,   2570,    258,      0,  65288,   2269,   7193,   8581,  41217,  13464,  15984,  18230,     29,   2827,
2,   2570,    258,      0,  65299,   2269,   7196,   8583,  41217,  13464,  15984,  18230,     30,   2827,
2,   2570,    258,      0,  65299,   2266,   7197,   8588,  41217,  13464,  15984,  18230,     31,   2827,
2,   2570,    258,      0,  65288,   2266,   7195,   8590,  41217,  13464,  15984,  18230,     32,   2827,
2,   2570,    258,      0,  65299,   2263,   7199,   8593,  41217,  13464,  15984,  18230,     33,   2827,
2,   2570,    258,      0,  65299,   2260,   7196,   8602,  41217,  13464,  15984,  18230,     34,   2827,
2,   2570,    258,      0,  65299,   2260,   7199,   8602,  41217,  13464,  15984,  18230,     35,   2827,
2,   2570,    258,      0,  65299,   2257,   7199,   8607,  41217,  13464,  15984,  18230,     36,   2827,
2,   2570,    258,      0,  65309,   2257,   7201,   8607,  41217,  13464,  15984,  18230,     37,   2827,
2,   2570,    258,      0,  65299,   2253,   7198,   8613,  41217,  13464,  15984,  18230,     38,   2827,
2,   2570,    258,      0,  65309,   2251,   7203,   8618,  41217,  13464,  15984,  18230,     39,   2827,
2,   2570,    258,      0,  65309,   2247,   7203,   8624,  41217,  13464,  15984,  18230,     40,   2827,
2,   2570,    258,      0,  65309,   2249,   7203,   8623,  41217,  13464,  15984,  18230,     41,   2827,
2,   2570,    258,      0,  65320,   2245,   7205,   8629,  41217,  13464,  15984,  18230,     42,   2827,
2,   2570,    258,      0,  65320,   2243,   7207,   8633,  41217,  13464,  15984,  18230,     43,   2827,
2,   2570,    258,      0,  65320,   2241,   7204,   8637,  41217,  13464,  15984,  18230,     44,   2827,
2,   2570,    258,      0,  65320,   2238,   7205,   8642,  41217,  13464,  15984,  18230,     45,   2827,
2,   2570,    258,      0,  65331,   2238,   7208,   8642,  41217,  13464,  15984,  18230,     46,   2827,
2,   2570,    258,      0,  65320,   2236,   7204,   8645,  41217,  13464,  15984,  18230,     47,   2827,
2,   2570,    258,      0,  65331,   2234,   7209,   8650,  41217,  13464,  15984,  18230,     48,   2827,
2,   2570,    258,      0,  65331,   2230,   7211,   8657,  41217,  13464,  15984,  18230,     49,   2827,
2,   2570,    258,      0,  65342,   2230,   7212,   8658,  41217,  13464,  15984,  18230,     50,   2827,
2,   2570,    258,      0,  65342,   2228,   7213,   8661,  41217,  13464,  15984,  18230,     51,   2827,
2,   2570,    258,      0,  65342,   2226,   7213,   8666,  41217,  13464,  15984,  18230,     52,   2827,
