72.6,   2570,    258,      0,   2400,   2390,   8267,   8349,    260,  11750,  36900,   5948,      1,   2827,
72.6,   2570,    258,      0,   5841,   2407,   9976,   8317,    260,  11750,  36900,   5948,     12,   2827,
72.6,   2570,    258,      0,   5833,   2409,   9975,   8312,    260,  11750,  36900,   5948,     13,   2827,
72.6,   2570,    258,      0,   5833,   2416,   9974,   8302,    260,  11750,  36900,   5948,     14,   2827,
72.6,   2570,    258,      0,   5847,   2416,   9982,   8302,    260,  11750,  36900,   5948,     15,   2827,
72.6,   2570,    258,      0,   5855,   2417,   9985,   8298,    260,  11750,  36900,   5948,     16,   2827,
72.6,   2570,    258,      0,   5847,   2422,   9982,   8291,    260,  11750,  36900,   5948,     17,   2827,
72.6,   2570,    258,      0,   5841,   2424,   9977,   8286,    260,  11750,  36900,   5948,     18,   2827,
72.6,   2570,    258,      0,   5841,   2426,   9977,   8283,    260,  11750,  36900,   5948,     19,   2827,
72.6,   2570,    258,      0,   5841,   2430,   9978,   8273,    260,  11750,  36900,   5948,     20,   2827,
72.6,   2570,    258,      0,   5876,   2433,   9998,   8270,    260,  11750,  36900,   5948,     21,   2827,
72.6,   2570,    258,      0,   5897,   2437,  10010,   8261,    260,  11750,  36900,   5948,     22,   2827,
72.6,   2570,    258,      0,   5876,   2441,   9998,   8254,    260,  11750,  36900,   5948,     23,   2827,
72.6,   2570,    258,      0,   5883,   2442,  10000,   8250,    260,  11750,  36900,   5948,     24,   2827,
72.6,   2570,    258,      0,   5897,   2448,  10008,   8243,    260,  11750,  36900,   5948,     25,   2827,
72.6,   2570,    258,      0,   5933,   2449,  10030,   8237,    260,  11750,  36900,   5948,     26,   2827,
72.6,   2570,    258,      0,   5910,   2456,  10019,   8227,    260,  11750,  36900,   5948,     27,   2827,
72.6,   2570,    258,      0,   5869,   2460,   9995,   8217,    260,  11750,  36900,   5948,     28,   2827,
72.6,   2570,    258,      0,   5869,   2462,   9993,   8215,    260,  11750,  36900,   5948,     29,   2827,
72.6,   2570,    258,      0,   5876,   2468,   9999,   8203,    260,  11750,  36900,   5948,     30,   2827,
72.6,   2570,    258,      0,   5855,   2470,   9984,   8199,    260,  11750,  36900,   5948,     31,   2827,
72.6,   2570,    258,      0,   5826,   2472,   9970,   8192,    260,  11750,  36900,   5948,     32,   2827,
72.6,   2570,    258,      0,   5812,   2475,   9960,   8188,    260,  11750,  36900,   5948,     33,   2827,
72.6,   2570,    258,      0,   5798,   2481,   9953,   8178,    260,  11750,  36900,   5948,     34,   2827,
72.6,   2570,    258,      0,   5784,   2484,   9947,   8174,    260,  11750,  36900,   5948,     35,   2827,
72.6,   2570,    258,      0,   5798,   2487,   9953,   8166,    260,  11750,  36900,   5948,     36,   2827,
72.6,   2570,    258,      0,   5841,   2492,   9976,   8159,    260,  11750,  36900,   5948,     37,   2827,
1.8,   2570,    258,      0,   2400,   2260,   8264,   8600,  16648,  11750,  36900,   4924,      1,   2827,
1.8,   2570,    258,      0,    718,   2245,   7564,   8629,  16648,  11750,  36900,   4924,     12,   2827,
1.8,   2570,    258,      0,    718,   2245,   7564,   8630,  16648,  11750,  36900,   4924,     13,   2827,
1.8,   2570,    258,      0,    709,   2243,   7562,   8634,  16648,  11750,  36900,   4924,     14,   2827,
1.8,   2570,    258,      0,    718,   2238,   7564,   8641,  16648,  11750,  36900,   4924,     15,   2827,
1.8,   2570,    258,      0,    718,   2238,   7566,   8642,  16648,  11750,  36900,   4924,     16,   2827,
1.8,   2570,    258,      0,    718,   2234,   7567,   8648,  16648,  11750,  36900,   4924,     17,   2827,
1.8,   2570,    258,      0,    728,   2234,   7571,   8649,  16648,  11750,  36900,   4924,     18,   2827,
1.8,   2570,    258,      0,    728,   2232,   7570,   8654,  16648,  11750,  36900,   4924,     19,   2827,
1.8,   2570,    258,      0,    728,   2230,   7568,   8659,  16648,  11750,  36900,   4924,     20,   2827,
1.8,   2570,    258,      0,    728,   2228,   7569,   8663,  16648,  11750,  36900,   4924,     21,   2827,
1.8,   2570,    258,      0,    740,   2224,   7573,   8670,  16648,  11750,  36900,   4924,     22,   2827,
1.8,   2570,    258,      0,    728,   2226,   7570,   8666,  16648,  11750,  36900,   4924,     23,   2827,
1.8,   2570,    258,      0,    740,   2222,   7573,   8674,  16648,  11750,  36900,   4924,     24,   2827,
1.8,   2570,    258,      0,    740,   2220,   7573,   8678,  16648,  11750,  36900,   4924,     25,   2827,
1.8,   2570,    258,      0,    740,   2218,   7575,   8683,  16648,  11750,  36900,   4924,     26,   2827,
1.8,   2570,    258,      0,    750,   2216,   7577,   8686,  16648,  11750,  36900,   4924,     27,   2827,
1.8,   2570,    258,      0,    750,   2214,   7579,   8689,  16648,  11750,  36900,   4924,     28,   2827,
1.8,   2570,    258,      0,    740,   2212,   7573,   8693,  16648,  11750,  36900,   4924,     29,   2827,
1.8,   2570,    258,      0,    740,   2212,   7575,   8695,  16648,  11750,  36900,   4924,     30,   2827,
1.8,   2570,    258,      0,    750,   2208,   7578,   8703,  16648,  11750,  36900,   4924,     31,   2827,
1.8,   2570,    258,      0,    750,   2208,   7578,   8703,  16648,  11750,  36900,   4924,     32,   2827,
1.8,   2570,    258,      0,    770,   2204,   7584,   8709,  16648,  11750,  36900,   4924,     33,   2827,
1.8,   2570,    258,      0,    759,   2204,   7580,   8711,  16648,  11750,  36900,   4924,     34,   2827,
1.8,   2570,    258,      0,    770,   2199,   7584,   8716,  16648,  11750,  36900,   4924,     35,   2827,
1.8,   2570,    258,      0,    770,   2199,   7585,   8719,  16648,  11750,  36900,   4924,     36,   2827,
1.8,   2570,    258,      0,    759,   2196,   7583,   8727,  16648,  11750,  36900,   4924,     37,   2827,
35,   2570,    258,      0,   2281,   2383,   8213,   8364,  16648,  11750,   5157,   4924,      1,   2827,
35,   2570,    258,      0,   3034,   2387,   8549,   8357,  16648,  11750,   5157,   4924,     11,   2827,
35,   2570,    258,      0,   3017,   2387,   8541,   8356,  16648,  11750,   5157,   4924,     12,   2827,
35,   2570,    258,      0,   3017,   2388,   8541,   8355,  16648,  11750,   5157,   4924,     13,   2827,
35,   2570,    258,      0,   3008,   2388,   8538,   8355,  16648,  11750,   5157,   4924,     14,   2827,
35,   2570,    258,      0,   3008,   2390,   8538,   8351,  16648,  11750,   5157,   4924,     15,   2827,
35,   2570,    258,      0,   3000,   2390,   8534,   8349,  16648,  11750,   5157,   4924,     16,   2827,
35,   2570,    258,      0,   3008,   2393,   8537,   8347,  16648,  11750,   5157,   4924,     17,   2827,
35,   2570,    258,      0,   2990,   2390,   8531,   8349,  16648,  11750,   5157,   4924,     18,   2827,
35,   2570,    258,      0,   2990,   2393,   8528,   8347,  16648,  11750,   5157,   4924,     19,   2827,
35,   2570,    258,      0,   2982,   2393,   8527,   8347,  16648,  11750,   5157,   4924,     20,   2827,
35,   2570,    258,      0,   2990,   2393,   8530,   8345,  16648,  11750,   5157,   4924,     21,   2827,
35,   2570,    258,      0,   3000,   2395,   8535,   8342,  16648,  11750,   5157,   4924,     22,   2827,
35,   2570,    258,      0,   2990,   2395,   8530,   8343,  16648,  11750,   5157,   4924,     23,   2827,
35,   2570,    258,      0,   2990,   2393,   8531,   8344,  16648,  11750,   5157,   4924,     24,   2827,
35,   2570,    258,      0,   2990,   2397,   8531,   8339,  16648,  11750,   5157,   4924,     25,   2827,
35,   2570,    258,      0,   2990,   2397,   8531,   8338,  16648,  11750,   5157,   4924,     26,   2827,
35,   2570,    258,      0,   2982,   2397,   8526,   8337,  16648,  11750,   5157,   4924,     27,   2827,
35,   2570,    258,      0,   2982,   2398,   8525,   8333,  16648,  11750,   5157,   4924,     28,   2827,
35,   2570,    258,      0,   2982,   2402,   8524,   8331,  16648,  11750,   5157,   4924,     29,   2827,
35,   2570,    258,      0,   2964,   2398,   8519,   8334,  16648,  11750,   5157,   4924,     30,   2827,
35,   2570,    258,      0,   2974,   2398,   8523,   8333,  16648,  11750,   5157,   4924,     31,   2827,
35,   2570,    258,      0,   2964,   2398,   8518,   8333,  16648,  11750,   5157,   4924,     32,   2827,
35,   2570,    258,      0,   2964,   2402,   8517,   8328,  16648,  11750,   5157,   4924,     33,   2827,
35,   2570,    258,      0,   2974,   2403,   8522,   8327,  16648,  11750,   5157,   4924,     34,   2827,
35,   2570,    258,      0,   2974,   2403,   8520,   8324,  16648,  11750,   5157,   4924,     35,   2827,
35,   2570,    258,      0,   2974,   2403,   8521,   8324,  16648,  11750,   5157,   4924,     36,   2827,
