<<<<<<< HEAD
23.8,   2570,    265,      8,   2513,   7945,   3228,  48806,  31721,  15801,   2612,  50179,      1,   2827,
23.8,   2570,    265,      8,   2511,   7885,   3228,  48806,  31721,  15801,   2612,  50179,     11,   2827,
23.8,   2570,    265,      8,   2511,   7889,   3228,  48806,  31721,  15801,   2612,  50179,     12,   2827,
23.8,   2570,    265,      8,   2511,   7890,   3228,  48806,  31721,  15801,   2612,  50179,     13,   2827,
23.8,   2570,    265,      8,   2511,   7890,   3228,  48806,  31721,  15801,   2612,  50179,     14,   2827,
23.8,   2570,    265,      8,   2511,   7893,   3228,  48806,  31721,  15801,   2612,  50179,     15,   2827,
23.8,   2570,    265,      8,   2508,   7891,   3228,  48806,  31721,  15801,   2612,  50179,     16,   2827,
23.8,   2570,    265,      8,   2511,   7893,   3228,  48806,  31721,  15801,   2612,  50179,     17,   2827,
23.8,   2570,    265,      8,   2511,   7895,   3228,  48806,  31721,  15801,   2612,  50179,     18,   2827,
23.8,   2570,    265,      8,   2511,   7890,   3228,  48806,  31721,  15801,   2612,  50179,     19,   2827,
23.8,   2570,    265,      8,   2508,   7889,   3228,  48806,  31721,  15801,   2612,  50179,     20,   2827,
23.8,   2570,    265,      8,   2508,   7894,   3228,  48806,  31721,  15801,   2612,  50179,     21,   2827,
23.8,   2570,    265,      8,   2508,   7890,   3228,  48806,  31721,  15801,   2612,  50179,     22,   2827,
23.8,   2570,    265,      8,   2508,   7891,   3228,  48806,  31721,  15801,   2612,  50179,     23,   2827,
23.8,   2570,    265,      8,   2506,   7889,   3228,  48806,  31721,  15801,   2612,  50179,     24,   2827,
23.8,   2570,    265,      8,   2506,   7895,   3228,  48806,  31721,  15801,   2612,  50179,     25,   2827,
23.8,   2570,    265,      8,   2506,   7891,   3228,  48806,  31721,  15801,   2612,  50179,     26,   2827,
23.8,   2570,    265,      8,   2511,   7894,   3228,  48806,  31721,  15801,   2612,  50179,     27,   2827,
23.8,   2570,    265,      8,   2508,   7894,   3228,  48806,  31721,  15801,   2612,  50179,     28,   2827,
23.8,   2570,    265,      8,   2506,   7892,   3228,  48806,  31721,  15801,   2612,  50179,     29,   2827,
23.8,   2570,    265,      8,   2508,   7891,   3228,  48806,  31721,  15801,   2612,  50179,     30,   2827,
23.8,   2570,    265,      8,   2506,   7890,   3228,  48806,  31721,  15801,   2612,  50179,     31,   2827,
23.8,   2570,    265,      8,   2508,   7894,   3228,  48806,  31721,  15801,   2612,  50179,     32,   2827,
23.8,   2570,    265,      8,   2508,   7895,   3228,  48806,  31721,  15801,   2612,  50179,     33,   2827,
23.8,   2570,    265,      8,   2506,   7891,   3228,  48806,  31721,  15801,   2612,  50179,     34,   2827,
23.8,   2570,    265,      8,   2506,   7893,   3228,  48806,  31721,  15801,   2612,  50179,     35,   2827,
23.8,   2570,    265,      8,   2506,   7897,   3228,  48806,  31721,  15801,   2612,  50179,     36,   2827,
=======
60.1,   2570,    265,      8,   2357,   8111,   3228,  48806,  31721,  15801,   2612,  50179,      1,   2827,
60.1,   2570,    265,      8,   2383,   9404,   3228,  48806,  31721,  15801,   2612,  50179,     14,   2827,
60.1,   2570,    265,      8,   2387,   9389,   3228,  48806,  31721,  15801,   2612,  50179,     15,   2827,
60.1,   2570,    265,      8,   2388,   9385,   3228,  48806,  31721,  15801,   2612,  50179,     16,   2827,
60.1,   2570,    265,      8,   2388,   9379,   3228,  48806,  31721,  15801,   2612,  50179,     17,   2827,
60.1,   2570,    265,      8,   2393,   9370,   3228,  48806,  31721,  15801,   2612,  50179,     18,   2827,
60.1,   2570,    265,      8,   2395,   9365,   3228,  48806,  31721,  15801,   2612,  50179,     19,   2827,
60.1,   2570,    265,      8,   2397,   9368,   3228,  48806,  31721,  15801,   2612,  50179,     20,   2827,
60.1,   2570,    265,      8,   2398,   9366,   3228,  48806,  31721,  15801,   2612,  50179,     21,   2827,
60.1,   2570,    265,      8,   2402,   9368,   3228,  48806,  31721,  15801,   2612,  50179,     22,   2827,
60.1,   2570,    265,      8,   2403,   9366,   3228,  48806,  31721,  15801,   2612,  50179,     23,   2827,
60.1,   2570,    265,      8,   2407,   9367,   3228,  48806,  31721,  15801,   2612,  50179,     24,   2827,
60.1,   2570,    265,      8,   2412,   9368,   3228,  48806,  31721,  15801,   2612,  50179,     25,   2827,
60.1,   2570,    265,      8,   2413,   9368,   3228,  48806,  31721,  15801,   2612,  50179,     26,   2827,
60.1,   2570,    265,      8,   2417,   9357,   3228,  48806,  31721,  15801,   2612,  50179,     27,   2827,
60.1,   2570,    265,      8,   2420,   9358,   3228,  48806,  31721,  15801,   2612,  50179,     28,   2827,
60.1,   2570,    265,      8,   2422,   9356,   3228,  48806,  31721,  15801,   2612,  50179,     29,   2827,
60.1,   2570,    265,      8,   2426,   9371,   3228,  48806,  31721,  15801,   2612,  50179,     30,   2827,
60.1,   2570,    265,      8,   2433,   9367,   3228,  48806,  31721,  15801,   2612,  50179,     31,   2827,
60.1,   2570,    265,      8,   2433,   9352,   3228,  48806,  31721,  15801,   2612,  50179,     32,   2827,
60.1,   2570,    265,      8,   2437,   9337,   3228,  48806,  31721,  15801,   2612,  50179,     33,   2827,
60.1,   2570,    265,      8,   2439,   9330,   3228,  48806,  31721,  15801,   2612,  50179,     34,   2827,
60.1,   2570,    265,      8,   2442,   9326,   3228,  48806,  31721,  15801,   2612,  50179,     35,   2827,
60.1,   2570,    265,      8,   2445,   9326,   3228,  48806,  31721,  15801,   2612,  50179,     36,   2827,
60.1,   2570,    265,      8,   2448,   9334,   3228,  48806,  31721,  15801,   2612,  50179,     37,   2827,
60.1,   2570,    265,      8,   2452,   9341,   3228,  48806,  31721,  15801,   2612,  50179,     38,   2827,
60.1,   2570,    265,      8,   2456,   9337,   3228,  48806,  31721,  15801,   2612,  50179,     39,   2827,
60.1,   2570,    265,      8,   2460,   9333,   3228,  48806,  31721,  15801,   2612,  50179,     40,   2827,
>>>>>>> 452540c9efb0a1d9549ed013a5dea54903389b7d
