72.6,   2570,    258,      0,   2858,   2347,   8469,   8435,   2201,  27529,     66,  21322,      1,   2827,
72.6,   2570,    258,      0,   6262,   2374,  10222,   8383,   2201,  27529,     66,  21322,     12,   2827,
72.6,   2570,    258,      0,   6262,   2377,  10221,   8379,   2201,  27529,     66,  21322,     13,   2827,
72.6,   2570,    258,      0,   6296,   2379,  10241,   8368,   2201,  27529,     66,  21322,     14,   2827,
72.6,   2570,    258,      0,   6296,   2387,  10240,   8358,   2201,  27529,     66,  21322,     15,   2827,
72.6,   2570,    258,      0,   6296,   2390,  10242,   8351,   2201,  27529,     66,  21322,     16,   2827,
72.6,   2570,    258,      0,   6311,   2393,  10251,   8345,   2201,  27529,     66,  21322,     17,   2827,
72.6,   2570,    258,      0,   6283,   2397,  10232,   8337,   2201,  27529,     66,  21322,     18,   2827,
72.6,   2570,    258,      0,   6283,   2402,  10235,   8331,   2201,  27529,     66,  21322,     19,   2827,
72.6,   2570,    258,      0,   6277,   2405,  10231,   8323,   2201,  27529,     66,  21322,     20,   2827,
72.6,   2570,    258,      0,   6317,   2409,  10252,   8314,   2201,  27529,     66,  21322,     21,   2827,
72.6,   2570,    258,      0,   6302,   2413,  10245,   8304,   2201,  27529,     66,  21322,     22,   2827,
72.6,   2570,    258,      0,   6302,   2417,  10244,   8296,   2201,  27529,     66,  21322,     23,   2827,
72.6,   2570,    258,      0,   6296,   2422,  10241,   8288,   2201,  27529,     66,  21322,     24,   2827,
72.6,   2570,    258,      0,   6296,   2429,  10240,   8279,   2201,  27529,     66,  21322,     25,   2827,
72.6,   2570,    258,      0,   6283,   2433,  10232,   8271,   2201,  27529,     66,  21322,     26,   2827,
72.6,   2570,    258,      0,   6283,   2434,  10233,   8264,   2201,  27529,     66,  21322,     27,   2827,
72.6,   2570,    258,      0,   6269,   2441,  10224,   8253,   2201,  27529,     66,  21322,     28,   2827,
72.6,   2570,    258,      0,   6249,   2442,  10212,   8250,   2201,  27529,     66,  21322,     29,   2827,
72.6,   2570,    258,      0,   6236,   2452,  10204,   8234,   2201,  27529,     66,  21322,     30,   2827,
72.6,   2570,    258,      0,   6215,   2453,  10192,   8230,   2201,  27529,     66,  21322,     31,   2827,
72.6,   2570,    258,      0,   6215,   2457,  10193,   8222,   2201,  27529,     66,  21322,     32,   2827,
72.6,   2570,    258,      0,   6236,   2462,  10205,   8215,   2201,  27529,     66,  21322,     33,   2827,
72.6,   2570,    258,      0,   6236,   2467,  10205,   8204,   2201,  27529,     66,  21322,     34,   2827,
72.6,   2570,    258,      0,   6269,   2468,  10225,   8200,   2201,  27529,     66,  21322,     35,   2827,
72.6,   2570,    258,      0,   6256,   2478,  10219,   8183,   2201,  27529,     66,  21322,     36,   2827,
72.6,   2570,    258,      0,   6262,   2484,  10220,   8175,   2201,  27529,     66,  21322,     37,   2827,
3.1,   2570,    258,      0,   3026,   2230,   8547,   8659,   2201,  27593,  32834,  21322,      1,   2827,
3.1,   2570,    258,      0,   1538,   2220,   7896,   8677,   2201,  27593,  32834,  21322,      9,   2827,
3.1,   2570,    258,      0,   1548,   2218,   7902,   8682,   2201,  27593,  32834,  21322,     10,   2827,
3.1,   2570,    258,      0,   1538,   2216,   7896,   8687,   2201,  27593,  32834,  21322,     11,   2827,
3.1,   2570,    258,      0,   1538,   2214,   7897,   8690,   2201,  27593,  32834,  21322,     12,   2827,
3.1,   2570,    258,      0,   1538,   2212,   7897,   8695,   2201,  27593,  32834,  21322,     13,   2827,
3.1,   2570,    258,      0,   1538,   2210,   7897,   8698,   2201,  27593,  32834,  21322,     14,   2827,
3.1,   2570,    258,      0,   1538,   2210,   7898,   8698,   2201,  27593,  32834,  21322,     15,   2827,
3.1,   2570,    258,      0,   1538,   2204,   7899,   8708,   2201,  27593,  32834,  21322,     16,   2827,
3.1,   2570,    258,      0,   1548,   2204,   7900,   8708,   2201,  27593,  32834,  21322,     17,   2827,
3.1,   2570,    258,      0,   1538,   2201,   7897,   8714,   2201,  27593,  32834,  21322,     18,   2827,
3.1,   2570,    258,      0,   1538,   2199,   7899,   8718,   2201,  27593,  32834,  21322,     19,   2827,
3.1,   2570,    258,      0,   1548,   2198,   7902,   8722,   2201,  27593,  32834,  21322,     20,   2827,
3.1,   2570,    258,      0,   1548,   2198,   7901,   8722,   2201,  27593,  32834,  21322,     21,   2827,
3.1,   2570,    258,      0,   1548,   2193,   7902,   8729,   2201,  27593,  32834,  21322,     22,   2827,
3.1,   2570,    258,      0,   1557,   2191,   7904,   8732,   2201,  27593,  32834,  21322,     23,   2827,
3.1,   2570,    258,      0,   1557,   2189,   7904,   8738,   2201,  27593,  32834,  21322,     24,   2827,
3.1,   2570,    258,      0,   1567,   2187,   7908,   8741,   2201,  27593,  32834,  21322,     25,   2827,
3.1,   2570,    258,      0,   1567,   2187,   7911,   8742,   2201,  27593,  32834,  21322,     26,   2827,
3.1,   2570,    258,      0,   1567,   2185,   7911,   8745,   2201,  27593,  32834,  21322,     27,   2827,
3.1,   2570,    258,      0,   1567,   2183,   7910,   8751,   2201,  27593,  32834,  21322,     28,   2827,
3.1,   2570,    258,      0,   1567,   2181,   7908,   8752,   2201,  27593,  32834,  21322,     29,   2827,
3.1,   2570,    258,      0,   1576,   2179,   7914,   8756,   2201,  27593,  32834,  21322,     30,   2827,
3.1,   2570,    258,      0,   1576,   2177,   7912,   8762,   2201,  27593,  32834,  21322,     31,   2827,
3.1,   2570,    258,      0,   1576,   2172,   7914,   8769,   2201,  27593,  32834,  21322,     32,   2827,
3.1,   2570,    258,      0,   1567,   2170,   7911,   8773,   2201,  27593,  32834,  21322,     33,   2827,
3.1,   2570,    258,      0,   1576,   2168,   7913,   8776,   2201,  27593,  32834,  21322,     34,   2827,
35,   2570,    258,      0,   2920,   2298,   8496,   8524,   2201,  27529,      2,  29514,      2,   2827,
35,   2570,    258,      0,   3608,   2308,   8816,   8505,   2201,  27529,      2,  29514,     12,   2827,
35,   2570,    258,      0,   3592,   2308,   8811,   8506,   2201,  27529,      2,  29514,     13,   2827,
35,   2570,    258,      0,   3592,   2311,   8809,   8503,   2201,  27529,      2,  29514,     14,   2827,
35,   2570,    258,      0,   3592,   2314,   8808,   8499,   2201,  27529,      2,  29514,     15,   2827,
35,   2570,    258,      0,   3592,   2311,   8809,   8501,   2201,  27529,      2,  29514,     16,   2827,
35,   2570,    258,      0,   3583,   2311,   8805,   8503,   2201,  27529,      2,  29514,     17,   2827,
35,   2570,    258,      0,   3583,   2314,   8807,   8498,   2201,  27529,      2,  29514,     18,   2827,
35,   2570,    258,      0,   3574,   2315,   8802,   8495,   2201,  27529,      2,  29514,     19,   2827,
35,   2570,    258,      0,   3574,   2315,   8801,   8494,   2201,  27529,      2,  29514,     20,   2827,
35,   2570,    258,      0,   3574,   2315,   8802,   8492,   2201,  27529,      2,  29514,     21,   2827,
35,   2570,    258,      0,   3566,   2317,   8797,   8490,   2201,  27529,      2,  29514,     22,   2827,
35,   2570,    258,      0,   3574,   2320,   8800,   8486,   2201,  27529,      2,  29514,     23,   2827,
35,   2570,    258,      0,   3574,   2320,   8803,   8487,   2201,  27529,      2,  29514,     24,   2827,
35,   2570,    258,      0,   3566,   2322,   8798,   8483,   2201,  27529,      2,  29514,     25,   2827,
35,   2570,    258,      0,   3566,   2322,   8797,   8482,   2201,  27529,      2,  29514,     26,   2827,
35,   2570,    258,      0,   3566,   2322,   8797,   8480,   2201,  27529,      2,  29514,     27,   2827,
35,   2570,    258,      0,   3574,   2322,   8800,   8480,   2201,  27529,      2,  29514,     28,   2827,
35,   2570,    258,      0,   3566,   2324,   8799,   8478,   2201,  27529,      2,  29514,     29,   2827,
35,   2570,    258,      0,   3566,   2325,   8796,   8475,   2201,  27529,      2,  29514,     30,   2827,
35,   2570,    258,      0,   3574,   2325,   8800,   8472,   2201,  27529,      2,  29514,     31,   2827,
35,   2570,    258,      0,   3558,   2325,   8794,   8473,   2201,  27529,      2,  29514,     32,   2827,
35,   2570,    258,      0,   3566,   2329,   8797,   8470,   2201,  27529,      2,  29514,     33,   2827,
35,   2570,    258,      0,   3549,   2330,   8791,   8467,   2201,  27529,      2,  29514,     34,   2827,
35,   2570,    258,      0,   3558,   2329,   8795,   8468,   2201,  27529,      2,  29514,     35,   2827,
35,   2570,    258,      0,   3541,   2332,   8787,   8462,   2201,  27529,      2,  29514,     36,   2827,
35,   2570,    258,      0,   3549,   2334,   8788,   8458,   2201,  27529,      2,  29514,     37,   2827,
