72.6,   2570,    258,      0,   2088,   2230,   8130,   8659,  37097,   8846,  48241,   1603,      1,   2827,
72.6,   2570,    258,      0,   5447,   2251,   9756,   8619,  37097,   8846,  48241,   1603,     11,   2827,
72.6,   2570,    258,      0,   5461,   2253,   9765,   8614,  37097,   8846,  48241,   1603,     12,   2827,
72.6,   2570,    258,      0,   5469,   2254,   9768,   8608,  37097,   8846,  48241,   1603,     13,   2827,
72.6,   2570,    258,      0,   5439,   2260,   9755,   8600,  37097,   8846,  48241,   1603,     14,   2827,
72.6,   2570,    258,      0,   5410,   2263,   9739,   8595,  37097,   8846,  48241,   1603,     15,   2827,
72.6,   2570,    258,      0,   5425,   2266,   9745,   8591,  37097,   8846,  48241,   1603,     16,   2827,
72.6,   2570,    258,      0,   5425,   2269,   9747,   8583,  37097,   8846,  48241,   1603,     17,   2827,
72.6,   2570,    258,      0,   5402,   2272,   9732,   8577,  37097,   8846,  48241,   1603,     18,   2827,
72.6,   2570,    258,      0,   5396,   2275,   9728,   8575,  37097,   8846,  48241,   1603,     19,   2827,
72.6,   2570,    258,      0,   5410,   2278,   9739,   8567,  37097,   8846,  48241,   1603,     20,   2827,
72.6,   2570,    258,      0,   5425,   2278,   9746,   8564,  37097,   8846,  48241,   1603,     21,   2827,
72.6,   2570,    258,      0,   5396,   2281,   9731,   8556,  37097,   8846,  48241,   1603,     22,   2827,
72.6,   2570,    258,      0,   5396,   2288,   9729,   8547,  37097,   8846,  48241,   1603,     23,   2827,
72.6,   2570,    258,      0,   5402,   2288,   9732,   8544,  37097,   8846,  48241,   1603,     24,   2827,
72.6,   2570,    258,      0,   5410,   2293,   9736,   8536,  37097,   8846,  48241,   1603,     25,   2827,
72.6,   2570,    258,      0,   5410,   2298,   9736,   8526,  37097,   8846,  48241,   1603,     26,   2827,
72.6,   2570,    258,      0,   5380,   2301,   9720,   8522,  37097,   8846,  48241,   1603,     27,   2827,
72.6,   2570,    258,      0,   5358,   2305,   9708,   8514,  37097,   8846,  48241,   1603,     28,   2827,
72.6,   2570,    258,      0,   5352,   2308,   9706,   8506,  37097,   8846,  48241,   1603,     29,   2827,
72.6,   2570,    258,      0,   5358,   2314,   9710,   8499,  37097,   8846,  48241,   1603,     30,   2827,
72.6,   2570,    258,      0,   5358,   2317,   9709,   8491,  37097,   8846,  48241,   1603,     31,   2827,
72.6,   2570,    258,      0,   5367,   2320,   9715,   8484,  37097,   8846,  48241,   1603,     32,   2827,
72.6,   2570,    258,      0,   5396,   2325,   9730,   8474,  37097,   8846,  48241,   1603,     33,   2827,
72.6,   2570,    258,      0,   5402,   2330,   9733,   8465,  37097,   8846,  48241,   1603,     34,   2827,
72.6,   2570,    258,      0,   5380,   2334,   9721,   8456,  37097,   8846,  48241,   1603,     35,   2827,
72.6,   2570,    258,      0,   5352,   2338,   9706,   8449,  37097,   8846,  48241,   1603,     36,   2827,
