2.7,   2570,    258,      0,   3883,   2272,   8950,   8578,  19076,   9684,  58905,  59088,      1,   2827,
2.7,   2570,    258,      0,   2328,   2268,   8235,   8584,  19076,   9684,  58905,  59088,     11,   2827,
2.7,   2570,    258,      0,   2328,   2268,   8232,   8584,  19076,   9684,  58905,  59088,     12,   2827,
2.7,   2570,    258,      0,   2328,   2268,   8235,   8586,  19076,   9684,  58905,  59088,     13,   2827,
2.7,   2570,    258,      0,   2319,   2266,   8230,   8588,  19076,   9684,  58905,  59088,     14,   2827,
2.7,   2570,    258,      0,   2328,   2266,   8232,   8588,  19076,   9684,  58905,  59088,     15,   2827,
2.7,   2570,    258,      0,   2328,   2266,   8235,   8591,  19076,   9684,  58905,  59088,     16,   2827,
2.7,   2570,    258,      0,   2328,   2266,   8234,   8591,  19076,   9684,  58905,  59088,     17,   2827,
2.7,   2570,    258,      0,   2337,   2263,   8236,   8592,  19076,   9684,  58905,  59088,     18,   2827,
2.7,   2570,    258,      0,   2328,   2263,   8234,   8594,  19076,   9684,  58905,  59088,     19,   2827,
2.7,   2570,    258,      0,   2337,   2261,   8237,   8597,  19076,   9684,  58905,  59088,     20,   2827,
2.7,   2570,    258,      0,   2328,   2261,   8232,   8598,  19076,   9684,  58905,  59088,     21,   2827,
2.7,   2570,    258,      0,   2337,   2261,   8237,   8599,  19076,   9684,  58905,  59088,     22,   2827,
2.7,   2570,    258,      0,   2337,   2257,   8237,   8604,  19076,   9684,  58905,  59088,     23,   2827,
2.7,   2570,    258,      0,   2337,   2260,   8236,   8602,  19076,   9684,  58905,  59088,     24,   2827,
2.7,   2570,    258,      0,   2337,   2257,   8239,   8605,  19076,   9684,  58905,  59088,     25,   2827,
2.7,   2570,    258,      0,   2337,   2257,   8239,   8605,  19076,   9684,  58905,  59088,     26,   2827,
2.7,   2570,    258,      0,   2355,   2254,   8245,   8609,  19076,   9684,  58905,  59088,     27,   2827,
2.7,   2570,    258,      0,   2346,   2253,   8240,   8612,  19076,   9684,  58905,  59088,     28,   2827,
2.7,   2570,    258,      0,   2346,   2253,   8242,   8613,  19076,   9684,  58905,  59088,     29,   2827,
2.7,   2570,    258,      0,   2355,   2251,   8244,   8616,  19076,   9684,  58905,  59088,     30,   2827,
2.7,   2570,    258,      0,   2346,   2251,   8242,   8616,  19076,   9684,  58905,  59088,     31,   2827,
2.7,   2570,    258,      0,   2355,   2249,   8245,   8620,  19076,   9684,  58905,  59088,     32,   2827,
2.7,   2570,    258,      0,   2355,   2251,   8246,   8619,  19076,   9684,  58905,  59088,     33,   2827,
2.7,   2570,    258,      0,   2355,   2249,   8247,   8622,  19076,   9684,  58905,  59088,     34,   2827,
2.7,   2570,    258,      0,   2364,   2247,   8249,   8627,  19076,   9684,  58905,  59088,     35,   2827,
2.7,   2570,    258,      0,   2364,   2247,   8249,   8624,  19076,   9684,  58905,  59088,     36,   2827,
2.7,   2570,    258,      0,   2364,   2247,   8250,   8627,  19076,   9684,  58905,  59088,     37,   2827,
2.7,   2570,    258,      0,   2400,   2224,   8267,   8669,  19076,   9684,  58905,  59088,     51,   2827,
2.7,   2570,    258,      0,   2409,   2224,   8268,   8670,  19076,   9684,  58905,  59088,     52,   2827,
2.7,   2570,    258,      0,   2409,   2222,   8269,   8673,  19076,   9684,  58905,  59088,     53,   2827,
2.7,   2570,    258,      0,   2419,   2222,   8275,   8675,  19076,   9684,  58905,  59088,     54,   2827,
2.7,   2570,    258,      0,   2419,   2218,   8274,   8682,  19076,   9684,  58905,  59088,     55,   2827,
2.7,   2570,    258,      0,   2419,   2218,   8275,   8682,  19076,   9684,  58905,  59088,     56,   2827,
2.7,   2570,    258,      0,   2427,   2216,   8276,   8687,  19076,   9684,  58905,  59088,     57,   2827,
2.7,   2570,    258,      0,   2427,   2212,   8276,   8692,  19076,   9684,  58905,  59088,     58,   2827,
2.7,   2570,    258,      0,   2427,   2210,   8276,   8696,  19076,   9684,  58905,  59088,     59,   2827,
2.7,   2570,    258,      0,   2437,   2208,   8282,   8702,  19076,   9684,  58905,  59088,     60,   2827,
2.7,   2570,    258,      0,   2427,   2206,   8279,   8704,  19076,   9684,  58905,  59088,     61,   2827,
2.7,   2570,    258,      0,   2437,   2206,   8283,   8704,  19076,   9684,  58905,  59088,     62,   2827,
2.7,   2570,    258,      0,   2437,   2201,   8283,   8712,  19076,   9684,  58905,  59088,     63,   2827,
2.7,   2570,    258,      0,   2446,   2201,   8286,   8714,  19076,   9684,  58905,  59088,     64,   2827,
2.7,   2570,    258,      0,   2446,   2198,   8285,   8721,  19076,   9684,  58905,  59088,     65,   2827,
2.7,   2570,    258,      0,   2446,   2196,   8286,   8724,  19076,   9684,  58905,  59088,     66,   2827,
2.7,   2570,    258,      0,   2446,   2193,   8287,   8728,  19076,   9684,  58905,  59088,     67,   2827,
2.7,   2570,    258,      0,   2454,   2191,   8288,   8732,  19076,   9684,  58905,  59088,     68,   2827,
2.7,   2570,    258,      0,   2454,   2193,   8288,   8731,  19076,   9684,  58905,  59088,     69,   2827,
2.7,   2570,    258,      0,   2464,   2189,   8293,   8736,  19076,   9684,  58905,  59088,     70,   2827,
2.7,   2570,    258,      0,   2454,   2187,   8291,   8741,  19076,   9684,  58905,  59088,     71,   2827,
2.7,   2570,    258,      0,   2454,   2185,   8291,   8746,  19076,   9684,  58905,  59088,     72,   2827,
2.7,   2570,    258,      0,   2464,   2183,   8293,   8749,  19076,   9684,  58905,  59088,     73,   2827,
2.7,   2570,    258,      0,   2473,   2183,   8296,   8751,  19076,   9684,  58905,  59088,     74,   2827,
2.7,   2570,    258,      0,   2473,   2179,   8296,   8757,  19076,   9684,  58905,  59088,     75,   2827,
2.7,   2570,    258,      0,   2473,   2177,   8297,   8761,  19076,   9684,  58905,  59088,     76,   2827,
2.7,   2570,    258,      0,   2482,   2177,   8300,   8763,  19076,   9684,  58905,  59088,     77,   2827,
35.8,   2570,    258,      0,   3733,   2329,   8877,   8470,  19076,   9431,  58904,  59088,      1,   2827,
35.8,   2570,    258,      0,   4478,   2347,   9245,   8435,  19076,   9431,  58904,  59088,     43,   2827,
35.8,   2570,    258,      0,   4478,   2343,   9246,   8442,  19076,   9431,  58904,  59088,     44,   2827,
35.8,   2570,    258,      0,   4485,   2344,   9250,   8437,  19076,   9431,  58904,  59088,     45,   2827,
35.8,   2570,    258,      0,   4494,   2349,   9254,   8431,  19076,   9431,  58904,  59088,     46,   2827,
35.8,   2570,    258,      0,   4485,   2351,   9251,   8425,  19076,   9431,  58904,  59088,     47,   2827,
35.8,   2570,    258,      0,   4478,   2352,   9245,   8423,  19076,   9431,  58904,  59088,     48,   2827,
35.8,   2570,    258,      0,   4478,   2351,   9245,   8425,  19076,   9431,  58904,  59088,     49,   2827,
35.8,   2570,    258,      0,   4462,   2351,   9239,   8425,  19076,   9431,  58904,  59088,     50,   2827,
35.8,   2570,    258,      0,   4454,   2356,   9235,   8417,  19076,   9431,  58904,  59088,     51,   2827,
35.8,   2570,    258,      0,   4454,   2356,   9235,   8418,  19076,   9431,  58904,  59088,     52,   2827,
35.8,   2570,    258,      0,   4462,   2352,   9238,   8420,  19076,   9431,  58904,  59088,     53,   2827,
35.8,   2570,    258,      0,   4462,   2357,   9239,   8415,  19076,   9431,  58904,  59088,     54,   2827,
35.8,   2570,    258,      0,   4469,   2359,   9242,   8411,  19076,   9431,  58904,  59088,     55,   2827,
35.8,   2570,    258,      0,   4478,   2357,   9246,   8415,  19076,   9431,  58904,  59088,     56,   2827,
35.8,   2570,    258,      0,   4478,   2361,   9245,   8407,  19076,   9431,  58904,  59088,     57,   2827,
35.8,   2570,    258,      0,   4469,   2361,   9241,   8407,  19076,   9431,  58904,  59088,     58,   2827,
35.8,   2570,    258,      0,   4478,   2361,   9244,   8405,  19076,   9431,  58904,  59088,     59,   2827,
35.8,   2570,    258,      0,   4462,   2361,   9238,   8404,  19076,   9431,  58904,  59088,     60,   2827,
35.8,   2570,    258,      0,   4462,   2363,   9239,   8402,  19076,   9431,  58904,  59088,     61,   2827,
35.8,   2570,    258,      0,   4469,   2363,   9240,   8400,  19076,   9431,  58904,  59088,     62,   2827,
35.8,   2570,    258,      0,   4454,   2366,   9235,   8396,  19076,   9431,  58904,  59088,     63,   2827,
35.8,   2570,    258,      0,   4462,   2368,   9237,   8395,  19076,   9431,  58904,  59088,     64,   2827,
35.8,   2570,    258,      0,   4446,   2369,   9228,   8389,  19076,   9431,  58904,  59088,     65,   2827,
35.8,   2570,    258,      0,   4446,   2368,   9229,   8392,  19076,   9431,  58904,  59088,     66,   2827,
35.8,   2570,    258,      0,   4446,   2369,   9228,   8388,  19076,   9431,  58904,  59088,     67,   2827,
35.8,   2570,    258,      0,   4454,   2372,   9234,   8386,  19076,   9431,  58904,  59088,     68,   2827,
71.9,   2570,    258,      0,   3940,   2297,   8977,   8529,  19076,   9686,  59160,  59088,      1,   2827,
71.9,   2570,    258,      0,   6960,   2330,  10646,   8466,  19076,   9686,  59160,  59088,     49,   2827,
71.9,   2570,    258,      0,   6954,   2332,  10640,   8460,  19076,   9686,  59160,  59088,     50,   2827,
71.9,   2570,    258,      0,   6940,   2336,  10634,   8453,  19076,   9686,  59160,  59088,     51,   2827,
71.9,   2570,    258,      0,   6940,   2338,  10633,   8448,  19076,   9686,  59160,  59088,     52,   2827,
71.9,   2570,    258,      0,   6934,   2343,  10628,   8443,  19076,   9686,  59160,  59088,     53,   2827,
71.9,   2570,    258,      0,   6940,   2344,  10633,   8439,  19076,   9686,  59160,  59088,     54,   2827,
71.9,   2570,    258,      0,   6954,   2349,  10640,   8429,  19076,   9686,  59160,  59088,     55,   2827,
71.9,   2570,    258,      0,   6954,   2351,  10640,   8424,  19076,   9686,  59160,  59088,     56,   2827,
71.9,   2570,    258,      0,   6934,   2356,  10628,   8418,  19076,   9686,  59160,  59088,     57,   2827,
71.9,   2570,    258,      0,   6903,   2359,  10609,   8410,  19076,   9686,  59160,  59088,     58,   2827,
71.9,   2570,    258,      0,   6877,   2361,  10595,   8407,  19076,   9686,  59160,  59088,     59,   2827,
71.9,   2570,    258,      0,   6871,   2363,  10590,   8400,  19076,   9686,  59160,  59088,     60,   2827,
71.9,   2570,    258,      0,   6889,   2369,  10601,   8391,  19076,   9686,  59160,  59088,     61,   2827,
71.9,   2570,    258,      0,   6895,   2372,  10605,   8387,  19076,   9686,  59160,  59088,     62,   2827,
71.9,   2570,    258,      0,   6889,   2374,  10602,   8380,  19076,   9686,  59160,  59088,     63,   2827,
71.9,   2570,    258,      0,   6895,   2379,  10605,   8371,  19076,   9686,  59160,  59088,     64,   2827,
71.9,   2570,    258,      0,   6909,   2383,  10615,   8366,  19076,   9686,  59160,  59088,     65,   2827,
71.9,   2570,    258,      0,   6934,   2387,  10628,   8358,  19076,   9686,  59160,  59088,     66,   2827,
71.9,   2570,    258,      0,   6954,   2393,  10640,   8347,  19076,   9686,  59160,  59088,     67,   2827,
71.9,   2570,    258,      0,   6954,   2395,  10641,   8342,  19076,   9686,  59160,  59088,     68,   2827,
71.9,   2570,    258,      0,   6940,   2402,  10635,   8330,  19076,   9686,  59160,  59088,     69,   2827,
71.9,   2570,    258,      0,   6915,   2403,  10618,   8324,  19076,   9686,  59160,  59088,     70,   2827,
71.9,   2570,    258,      0,   6895,   2407,  10607,   8316,  19076,   9686,  59160,  59088,     71,   2827,
71.9,   2570,    258,      0,   6903,   2412,  10608,   8308,  19076,   9686,  59160,  59088,     72,   2827,
71.9,   2570,    258,      0,   6909,   2417,  10612,   8297,  19076,   9686,  59160,  59088,     73,   2827,
71.9,   2570,    258,      0,   6889,   2422,  10602,   8291,  19076,   9686,  59160,  59088,     74,   2827,
