3.9,   2570,    258,      0,   3070,   2206,   8564,   8704,  29825,  24965,  36034,  50352,      1,   2827,
3.9,   2570,    258,      0,   1835,   2185,   8020,   8745,  29825,  24965,  36034,  50352,     16,   2827,
3.9,   2570,    258,      0,   1835,   2181,   8023,   8752,  29825,  24965,  36034,  50352,     17,   2827,
3.9,   2570,    258,      0,   1835,   2179,   8021,   8757,  29825,  24965,  36034,  50352,     18,   2827,
3.9,   2570,    258,      0,   1835,   2181,   8023,   8753,  29825,  24965,  36034,  50352,     19,   2827,
3.9,   2570,    258,      0,   1843,   2179,   8024,   8759,  29825,  24965,  36034,  50352,     20,   2827,
3.9,   2570,    258,      0,   1843,   2174,   8025,   8764,  29825,  24965,  36034,  50352,     21,   2827,
3.9,   2570,    258,      0,   1843,   2174,   8026,   8767,  29825,  24965,  36034,  50352,     22,   2827,
3.9,   2570,    258,      0,   1843,   2170,   8025,   8774,  29825,  24965,  36034,  50352,     23,   2827,
3.9,   2570,    258,      0,   1843,   2170,   8027,   8773,  29825,  24965,  36034,  50352,     24,   2827,
3.9,   2570,    258,      0,   1843,   2168,   8025,   8778,  29825,  24965,  36034,  50352,     25,   2827,
3.9,   2570,    258,      0,   1843,   2164,   8027,   8786,  29825,  24965,  36034,  50352,     26,   2827,
3.9,   2570,    258,      0,   1843,   2164,   8027,   8785,  29825,  24965,  36034,  50352,     27,   2827,
3.9,   2570,    258,      0,   1852,   2164,   8029,   8787,  29825,  24965,  36034,  50352,     28,   2827,
3.9,   2570,    258,      0,   1852,   2160,   8030,   8792,  29825,  24965,  36034,  50352,     29,   2827,
3.9,   2570,    258,      0,   1863,   2158,   8033,   8796,  29825,  24965,  36034,  50352,     30,   2827,
3.9,   2570,    258,      0,   1852,   2155,   8030,   8800,  29825,  24965,  36034,  50352,     31,   2827,
3.9,   2570,    258,      0,   1863,   2155,   8034,   8803,  29825,  24965,  36034,  50352,     32,   2827,
3.9,   2570,    258,      0,   1863,   2154,   8034,   8807,  29825,  24965,  36034,  50352,     33,   2827,
3.9,   2570,    258,      0,   1871,   2150,   8036,   8813,  29825,  24965,  36034,  50352,     34,   2827,
3.9,   2570,    258,      0,   1863,   2152,   8032,   8809,  29825,  24965,  36034,  50352,     35,   2827,
3.9,   2570,    258,      0,   1871,   2147,   8037,   8817,  29825,  24965,  36034,  50352,     36,   2827,
3.9,   2570,    258,      0,   1863,   2147,   8035,   8819,  29825,  24965,  36034,  50352,     37,   2827,
3.9,   2570,    258,      0,   1871,   2143,   8036,   8826,  29825,  24965,  36034,  50352,     38,   2827,
3.9,   2570,    258,      0,   1871,   2141,   8037,   8829,  29825,  24965,  36034,  50352,     39,   2827,
3.9,   2570,    258,      0,   1871,   2138,   8038,   8834,  29825,  24965,  36034,  50352,     40,   2827,
3.9,   2570,    258,      0,   1871,   2136,   8036,   8836,  29825,  24965,  36034,  50352,     41,   2827,
4,   2570,    258,      0,   3026,   2204,   8544,   8711,  29825,  24965,  35906,  50352,      4,   2827,
4,   2570,    258,      0,   1806,   2198,   8011,   8723,  29825,  24965,  35906,  50352,     26,   2827,
4,   2570,    258,      0,   1806,   2196,   8008,   8724,  29825,  24965,  35906,  50352,     27,   2827,
4,   2570,    258,      0,   1806,   2198,   8010,   8723,  29825,  24965,  35906,  50352,     28,   2827,
4,   2570,    258,      0,   1796,   2196,   8007,   8727,  29825,  24965,  35906,  50352,     29,   2827,
4,   2570,    258,      0,   1806,   2193,   8010,   8731,  29825,  24965,  35906,  50352,     30,   2827,
4,   2570,    258,      0,   1796,   2191,   8006,   8735,  29825,  24965,  35906,  50352,     31,   2827,
4,   2570,    258,      0,   1806,   2189,   8008,   8738,  29825,  24965,  35906,  50352,     32,   2827,
4,   2570,    258,      0,   1806,   2189,   8011,   8739,  29825,  24965,  35906,  50352,     33,   2827,
4,   2570,    258,      0,   1806,   2187,   8011,   8743,  29825,  24965,  35906,  50352,     34,   2827,
4,   2570,    258,      0,   1806,   2183,   8011,   8750,  29825,  24965,  35906,  50352,     35,   2827,
4,   2570,    258,      0,   1815,   2181,   8012,   8752,  29825,  24965,  35906,  50352,     36,   2827,
4,   2570,    258,      0,   1824,   2181,   8016,   8753,  29825,  24965,  35906,  50352,     37,   2827,
4,   2570,    258,      0,   1815,   2179,   8014,   8758,  29825,  24965,  35906,  50352,     38,   2827,
4,   2570,    258,      0,   1815,   2179,   8014,   8759,  29825,  24965,  35906,  50352,     39,   2827,
4,   2570,    258,      0,   1824,   2174,   8017,   8766,  29825,  24965,  35906,  50352,     40,   2827,
4,   2570,    258,      0,   1824,   2174,   8017,   8766,  29825,  24965,  35906,  50352,     41,   2827,
4,   2570,    258,      0,   1824,   2172,   8016,   8768,  29825,  24965,  35906,  50352,     42,   2827,
4,   2570,    258,      0,   1824,   2170,   8017,   8773,  29825,  24965,  35906,  50352,     43,   2827,
4,   2570,    258,      0,   1824,   2168,   8018,   8776,  29825,  24965,  35906,  50352,     44,   2827,
4,   2570,    258,      0,   1824,   2168,   8019,   8778,  29825,  24965,  35906,  50352,     45,   2827,
4,   2570,    258,      0,   1835,   2165,   8021,   8782,  29825,  24965,  35906,  50352,     46,   2827,
4,   2570,    258,      0,   1835,   2164,   8020,   8784,  29825,  24965,  35906,  50352,     47,   2827,
4,   2570,    258,      0,   1824,   2164,   8018,   8787,  29825,  24965,  35906,  50352,     48,   2827,
4,   2570,    258,      0,   1835,   2160,   8022,   8793,  29825,  24965,  35906,  50352,     49,   2827,
4,   2570,    258,      0,   1843,   2158,   8026,   8796,  29825,  24965,  35906,  50352,     50,   2827,
4,   2570,    258,      0,   1843,   2158,   8024,   8799,  29825,  24965,  35906,  50352,     51,   2827,
72.4,   2570,    258,      0,   3095,   2280,   8578,   8563,  29825,  24981,  35906,  50352,      1,   2827,
72.4,   2570,    258,      0,   6464,   2301,  10343,   8521,  29825,  24981,  35906,  50352,     10,   2827,
72.4,   2570,    258,      0,   6464,   2305,  10340,   8515,  29825,  24981,  35906,  50352,     11,   2827,
72.4,   2570,    258,      0,   6504,   2307,  10367,   8508,  29825,  24981,  35906,  50352,     12,   2827,
72.4,   2570,    258,      0,   6564,   2315,  10401,   8495,  29825,  24981,  35906,  50352,     13,   2827,
72.4,   2570,    258,      0,   6577,   2320,  10411,   8487,  29825,  24981,  35906,  50352,     14,   2827,
72.4,   2570,    258,      0,   6570,   2324,  10405,   8476,  29825,  24981,  35906,  50352,     15,   2827,
72.4,   2570,    258,      0,   6544,   2329,  10388,   8470,  29825,  24981,  35906,  50352,     16,   2827,
72.4,   2570,    258,      0,   6524,   2332,  10376,   8462,  29825,  24981,  35906,  50352,     17,   2827,
72.4,   2570,    258,      0,   6511,   2338,  10370,   8448,  29825,  24981,  35906,  50352,     18,   2827,
72.4,   2570,    258,      0,   6484,   2340,  10352,   8444,  29825,  24981,  35906,  50352,     19,   2827,
72.4,   2570,    258,      0,   6464,   2344,  10340,   8436,  29825,  24981,  35906,  50352,     20,   2827,
72.4,   2570,    258,      0,   6438,   2349,  10324,   8431,  29825,  24981,  35906,  50352,     21,   2827,
72.4,   2570,    258,      0,   6424,   2351,  10316,   8424,  29825,  24981,  35906,  50352,     22,   2827,
72.4,   2570,    258,      0,   6397,   2357,  10301,   8412,  29825,  24981,  35906,  50352,     23,   2827,
72.4,   2570,    258,      0,   6371,   2361,  10284,   8407,  29825,  24981,  35906,  50352,     24,   2827,
72.4,   2570,    258,      0,   6344,   2361,  10270,   8404,  29825,  24981,  35906,  50352,     25,   2827,
72.4,   2570,    258,      0,   6317,   2366,  10254,   8398,  29825,  24981,  35906,  50352,     26,   2827,
72.4,   2570,    258,      0,   6296,   2368,  10243,   8393,  29825,  24981,  35906,  50352,     27,   2827,
72.4,   2570,    258,      0,   6302,   2372,  10246,   8385,  29825,  24981,  35906,  50352,     28,   2827,
72.4,   2570,    258,      0,   6311,   2374,  10250,   8383,  29825,  24981,  35906,  50352,     29,   2827,
72.4,   2570,    258,      0,   6290,   2378,  10237,   8374,  29825,  24981,  35906,  50352,     30,   2827,
72.4,   2570,    258,      0,   6277,   2379,  10230,   8368,  29825,  24981,  35906,  50352,     31,   2827,
72.4,   2570,    258,      0,   6262,   2384,  10220,   8363,  29825,  24981,  35906,  50352,     32,   2827,
72.4,   2570,    258,      0,   6262,   2384,  10220,   8360,  29825,  24981,  35906,  50352,     33,   2827,
72.4,   2570,    258,      0,   6277,   2390,  10229,   8351,  29825,  24981,  35906,  50352,     34,   2827,
72.4,   2570,    258,      0,   6302,   2390,  10246,   8350,  29825,  24981,  35906,  50352,     35,   2827,
36,   2570,    258,      0,   3122,   2489,   8591,   8160,  29825,  24965,  35906,  50352,      1,   2827,
36,   2570,    258,      0,   3792,   2472,   8904,   8192,  29825,  24965,  35906,  50352,     14,   2827,
36,   2570,    258,      0,   3783,   2475,   8900,   8190,  29825,  24965,  35906,  50352,     15,   2827,
36,   2570,    258,      0,   3783,   2472,   8900,   8192,  29825,  24965,  35906,  50352,     16,   2827,
36,   2570,    258,      0,   3775,   2472,   8897,   8194,  29825,  24965,  35906,  50352,     17,   2827,
36,   2570,    258,      0,   3767,   2470,   8894,   8197,  29825,  24965,  35906,  50352,     18,   2827,
36,   2570,    258,      0,   3767,   2472,   8893,   8192,  29825,  24965,  35906,  50352,     19,   2827,
36,   2570,    258,      0,   3758,   2472,   8888,   8194,  29825,  24965,  35906,  50352,     20,   2827,
36,   2570,    258,      0,   3750,   2472,   8887,   8193,  29825,  24965,  35906,  50352,     21,   2827,
36,   2570,    258,      0,   3750,   2470,   8885,   8196,  29825,  24965,  35906,  50352,     22,   2827,
36,   2570,    258,      0,   3741,   2472,   8881,   8195,  29825,  24965,  35906,  50352,     23,   2827,
36,   2570,    258,      0,   3750,   2470,   8884,   8197,  29825,  24965,  35906,  50352,     24,   2827,
36,   2570,    258,      0,   3741,   2472,   8882,   8194,  29825,  24965,  35906,  50352,     25,   2827,
36,   2570,    258,      0,   3725,   2470,   8874,   8198,  29825,  24965,  35906,  50352,     26,   2827,
36,   2570,    258,      0,   3725,   2470,   8875,   8196,  29825,  24965,  35906,  50352,     27,   2827,
36,   2570,    258,      0,   3733,   2472,   8876,   8195,  29825,  24965,  35906,  50352,     28,   2827,
36,   2570,    258,      0,   3717,   2472,   8870,   8195,  29825,  24965,  35906,  50352,     29,   2827,
36,   2570,    258,      0,   3725,   2472,   8873,   8194,  29825,  24965,  35906,  50352,     30,   2827,
36,   2570,    258,      0,   3725,   2472,   8874,   8194,  29825,  24965,  35906,  50352,     31,   2827,
36,   2570,    258,      0,   3717,   2472,   8870,   8195,  29825,  24965,  35906,  50352,     32,   2827,
36,   2570,    258,      0,   3717,   2472,   8871,   8192,  29825,  24965,  35906,  50352,     33,   2827,
36,   2570,    258,      0,   3709,   2472,   8867,   8193,  29825,  24965,  35906,  50352,     34,   2827,
36,   2570,    258,      0,   3717,   2472,   8868,   8193,  29825,  24965,  35906,  50352,     35,   2827,
36,   2570,    258,      0,   3701,   2472,   8863,   8192,  29825,  24965,  35906,  50352,     36,   2827,
36,   2570,    258,      0,   3701,   2472,   8862,   8194,  29825,  24965,  35906,  50352,     37,   2827,
36,   2570,    258,      0,   3701,   2475,   8861,   8189,  29825,  24965,  35906,  50352,     38,   2827,
36,   2570,    258,      0,   3692,   2475,   8857,   8191,  29825,  24965,  35906,  50352,     39,   2827,
