3.1,   2570,    258,      0,   3625,   2343,   8824,   8442,  17866,  50210,  52822,  22555,      1,   2827,
3.1,   2570,    258,      0,    910,   2325,   7641,   8472,  17866,  50210,  52822,  22555,      8,   2827,
3.1,   2570,    258,      0,    880,   2324,   7630,   8476,  17866,  50210,  52822,  22555,      9,   2827,
3.1,   2570,    258,      0,    869,   2322,   7625,   8482,  17866,  50210,  52822,  22555,     10,   2827,
3.1,   2570,    258,      0,    860,   2320,   7622,   8487,  17866,  50210,  52822,  22555,     11,   2827,
3.1,   2570,    258,      0,    860,   2315,   7621,   8492,  17866,  50210,  52822,  22555,     12,   2827,
3.1,   2570,    258,      0,    850,   2317,   7617,   8491,  17866,  50210,  52822,  22555,     13,   2827,
3.1,   2570,    258,      0,    850,   2311,   7618,   8502,  17866,  50210,  52822,  22555,     14,   2827,
3.1,   2570,    258,      0,    850,   2308,   7616,   8507,  17866,  50210,  52822,  22555,     15,   2827,
3.1,   2570,    258,      0,    839,   2307,   7614,   8508,  17866,  50210,  52822,  22555,     16,   2827,
3.1,   2570,    258,      0,    830,   2307,   7611,   8510,  17866,  50210,  52822,  22555,     17,   2827,
3.1,   2570,    258,      0,    839,   2304,   7615,   8518,  17866,  50210,  52822,  22555,     18,   2827,
3.1,   2570,    258,      0,    839,   2301,   7613,   8521,  17866,  50210,  52822,  22555,     19,   2827,
3.1,   2570,    258,      0,    839,   2298,   7614,   8525,  17866,  50210,  52822,  22555,     20,   2827,
3.1,   2570,    258,      0,    830,   2298,   7610,   8527,  17866,  50210,  52822,  22555,     21,   2827,
3.1,   2570,    258,      0,    830,   2298,   7611,   8527,  17866,  50210,  52822,  22555,     22,   2827,
3.1,   2570,    258,      0,    839,   2293,   7612,   8536,  17866,  50210,  52822,  22555,     23,   2827,
3.1,   2570,    258,      0,    839,   2290,   7612,   8540,  17866,  50210,  52822,  22555,     24,   2827,
3.1,   2570,    258,      0,    830,   2288,   7609,   8544,  17866,  50210,  52822,  22555,     25,   2827,
3.1,   2570,    258,      0,    830,   2288,   7610,   8545,  17866,  50210,  52822,  22555,     26,   2827,
3.1,   2570,    258,      0,    830,   2287,   7609,   8548,  17866,  50210,  52822,  22555,     27,   2827,
3.1,   2570,    258,      0,    830,   2285,   7608,   8553,  17866,  50210,  52822,  22555,     28,   2827,
3.1,   2570,    258,      0,    830,   2285,   7611,   8554,  17866,  50210,  52822,  22555,     29,   2827,
3.1,   2570,    258,      0,    830,   2280,   7611,   8561,  17866,  50210,  52822,  22555,     30,   2827,
3.1,   2570,    258,      0,    830,   2280,   7610,   8562,  17866,  50210,  52822,  22555,     31,   2827,
3.1,   2570,    258,      0,    830,   2276,   7609,   8570,  17866,  50210,  52822,  22555,     32,   2827,
3.1,   2570,    258,      0,    839,   2276,   7613,   8568,  17866,  50210,  52822,  22555,     33,   2827,
36.2,   2570,    258,      0,   2519,   2268,   8316,   8585,  17866,  50226,  52806,  22555,      1,   2827,
36.2,   2570,    258,      0,   3208,   2356,   8631,   8419,  17866,  50226,  52806,  22555,    359,   2827,
36.2,   2570,    258,      0,   3217,   2356,   8634,   8418,  17866,  50226,  52806,  22555,    360,   2827,
36.2,   2570,    258,      0,   3225,   2357,   8637,   8415,  17866,  50226,  52806,  22555,    361,   2827,
36.2,   2570,    258,      0,   3208,   2357,   8629,   8415,  17866,  50226,  52806,  22555,    362,   2827,
36.2,   2570,    258,      0,   3217,   2357,   8634,   8412,  17866,  50226,  52806,  22555,    363,   2827,
36.2,   2570,    258,      0,   3217,   2359,   8633,   8409,  17866,  50226,  52806,  22555,    364,   2827,
36.2,   2570,    258,      0,   3208,   2357,   8629,   8413,  17866,  50226,  52806,  22555,    365,   2827,
36.2,   2570,    258,      0,   3208,   2359,   8629,   8411,  17866,  50226,  52806,  22555,    366,   2827,
36.2,   2570,    258,      0,   3217,   2361,   8632,   8405,  17866,  50226,  52806,  22555,    367,   2827,
36.2,   2570,    258,      0,   3208,   2361,   8630,   8407,  17866,  50226,  52806,  22555,    368,   2827,
36.2,   2570,    258,      0,   3208,   2363,   8630,   8403,  17866,  50226,  52806,  22555,    369,   2827,
36.2,   2570,    258,      0,   3208,   2363,   8630,   8402,  17866,  50226,  52806,  22555,    370,   2827,
36.2,   2570,    258,      0,   3208,   2363,   8631,   8400,  17866,  50226,  52806,  22555,    371,   2827,
36.2,   2570,    258,      0,   3208,   2363,   8629,   8402,  17866,  50226,  52806,  22555,    372,   2827,
36.2,   2570,    258,      0,   3208,   2366,   8629,   8397,  17866,  50226,  52806,  22555,    373,   2827,
36.2,   2570,    258,      0,   3182,   2366,   8619,   8398,  17866,  50226,  52806,  22555,    374,   2827,
36.2,   2570,    258,      0,   3182,   2368,   8619,   8395,  17866,  50226,  52806,  22555,    375,   2827,
36.2,   2570,    258,      0,   3182,   2369,   8618,   8391,  17866,  50226,  52806,  22555,    376,   2827,
36.2,   2570,    258,      0,   3182,   2369,   8618,   8391,  17866,  50226,  52806,  22555,    377,   2827,
36.2,   2570,    258,      0,   3191,   2372,   8621,   8386,  17866,  50226,  52806,  22555,    378,   2827,
36.2,   2570,    258,      0,   3191,   2369,   8621,   8389,  17866,  50226,  52806,  22555,    379,   2827,
36.2,   2570,    258,      0,   3182,   2372,   8617,   8384,  17866,  50226,  52806,  22555,    380,   2827,
36.2,   2570,    258,      0,   3191,   2374,   8621,   8381,  17866,  50226,  52806,  22555,    381,   2827,
36.2,   2570,    258,      0,   3182,   2372,   8616,   8384,  17866,  50226,  52806,  22555,    382,   2827,
36.2,   2570,    258,      0,   3174,   2377,   8615,   8378,  17866,  50226,  52806,  22555,    383,   2827,
36.2,   2570,    258,      0,   3182,   2378,   8616,   8375,  17866,  50226,  52806,  22555,    384,   2827,
