2.8,   2570,    258,      0,   3516,   2220,   8772,   8679,   8277,   4922,   5455,  46580,      1,   2827,
2.8,   2570,    258,      0,   2190,   2201,   8175,   8712,   8277,   4922,   5455,  46580,     18,   2827,
2.8,   2570,    258,      0,   2199,   2201,   8179,   8713,   8277,   4922,   5455,  46580,     19,   2827,
2.8,   2570,    258,      0,   2199,   2201,   8177,   8714,   8277,   4922,   5455,  46580,     20,   2827,
2.8,   2570,    258,      0,   2199,   2201,   8178,   8714,   8277,   4922,   5455,  46580,     21,   2827,
2.8,   2570,    258,      0,   2199,   2201,   8177,   8715,   8277,   4922,   5455,  46580,     22,   2827,
2.8,   2570,    258,      0,   2199,   2199,   8177,   8716,   8277,   4922,   5455,  46580,     23,   2827,
2.8,   2570,    258,      0,   2199,   2199,   8179,   8719,   8277,   4922,   5455,  46580,     24,   2827,
2.8,   2570,    258,      0,   2199,   2198,   8179,   8722,   8277,   4922,   5455,  46580,     25,   2827,
2.8,   2570,    258,      0,   2208,   2198,   8181,   8720,   8277,   4922,   5455,  46580,     26,   2827,
2.8,   2570,    258,      0,   2199,   2198,   8178,   8723,   8277,   4922,   5455,  46580,     27,   2827,
2.8,   2570,    258,      0,   2208,   2196,   8181,   8727,   8277,   4922,   5455,  46580,     28,   2827,
2.8,   2570,    258,      0,   2208,   2193,   8181,   8729,   8277,   4922,   5455,  46580,     29,   2827,
2.8,   2570,    258,      0,   2208,   2193,   8181,   8729,   8277,   4922,   5455,  46580,     30,   2827,
2.8,   2570,    258,      0,   2199,   2191,   8179,   8732,   8277,   4922,   5455,  46580,     31,   2827,
2.8,   2570,    258,      0,   2208,   2191,   8182,   8732,   8277,   4922,   5455,  46580,     32,   2827,
2.8,   2570,    258,      0,   2199,   2189,   8179,   8736,   8277,   4922,   5455,  46580,     33,   2827,
2.8,   2570,    258,      0,   2208,   2189,   8183,   8737,   8277,   4922,   5455,  46580,     34,   2827,
2.8,   2570,    258,      0,   2208,   2189,   8181,   8739,   8277,   4922,   5455,  46580,     35,   2827,
2.8,   2570,    258,      0,   2218,   2189,   8184,   8739,   8277,   4922,   5455,  46580,     36,   2827,
2.8,   2570,    258,      0,   2227,   2185,   8188,   8747,   8277,   4922,   5455,  46580,     37,   2827,
2.8,   2570,    258,      0,   2227,   2185,   8188,   8746,   8277,   4922,   5455,  46580,     38,   2827,
2.8,   2570,    258,      0,   2227,   2183,   8188,   8749,   8277,   4922,   5455,  46580,     39,   2827,
2.8,   2570,    258,      0,   2227,   2183,   8189,   8749,   8277,   4922,   5455,  46580,     40,   2827,
2.8,   2570,    258,      0,   2236,   2183,   8194,   8751,   8277,   4922,   5455,  46580,     41,   2827,
2.8,   2570,    258,      0,   2244,   2179,   8196,   8756,   8277,   4922,   5455,  46580,     42,   2827,
2.8,   2570,    258,      0,   2236,   2177,   8195,   8760,   8277,   4922,   5455,  46580,     43,   2827,
62.5,   2570,    258,      0,   6497,   2448,  10361,   8240,     85,   4922,   5455,  46580,      1,   2827,
62.5,   2570,    258,      0,   6174,   2470,  10170,   8197,     85,   4922,   5455,  46580,     10,   2827,
62.5,   2570,    258,      0,   6153,   2470,  10158,   8196,     85,   4922,   5455,  46580,     11,   2827,
62.5,   2570,    258,      0,   6147,   2472,  10153,   8192,     85,   4922,   5455,  46580,     12,   2827,
62.5,   2570,    258,      0,   6141,   2475,  10148,   8191,     85,   4922,   5455,  46580,     13,   2827,
62.5,   2570,    258,      0,   6133,   2475,  10145,   8189,     85,   4922,   5455,  46580,     14,   2827,
62.5,   2570,    258,      0,   6133,   2478,  10144,   8183,     85,   4922,   5455,  46580,     15,   2827,
62.5,   2570,    258,      0,   6098,   2478,  10127,   8183,     85,   4922,   5455,  46580,     16,   2827,
62.5,   2570,    258,      0,   6085,   2481,  10117,   8177,     85,   4922,   5455,  46580,     17,   2827,
62.5,   2570,    258,      0,   6071,   2481,  10109,   8177,     85,   4922,   5455,  46580,     18,   2827,
62.5,   2570,    258,      0,   6065,   2487,  10105,   8167,     85,   4922,   5455,  46580,     19,   2827,
62.5,   2570,    258,      0,   6071,   2487,  10109,   8167,     85,   4922,   5455,  46580,     20,   2827,
62.5,   2570,    258,      0,   6071,   2489,  10109,   8162,     85,   4922,   5455,  46580,     21,   2827,
62.5,   2570,    258,      0,   6071,   2492,  10111,   8157,     85,   4922,   5455,  46580,     22,   2827,
62.5,   2570,    258,      0,   6051,   2492,  10097,   8156,     85,   4922,   5455,  46580,     23,   2827,
62.5,   2570,    258,      0,   6043,   2497,  10092,   8145,     85,   4922,   5455,  46580,     24,   2827,
62.5,   2570,    258,      0,   6051,   2501,  10098,   8141,     85,   4922,   5455,  46580,     25,   2827,
62.5,   2570,    258,      0,   6051,   2502,  10097,   8136,     85,   4922,   5455,  46580,     26,   2827,
62.5,   2570,    258,      0,   6036,   2506,  10089,   8131,     85,   4922,   5455,  46580,     27,   2827,
62.5,   2570,    258,      0,   6030,   2508,  10084,   8124,     85,   4922,   5455,  46580,     28,   2827,
62.5,   2570,    258,      0,   6036,   2511,  10088,   8120,     85,   4922,   5455,  46580,     29,   2827,
62.5,   2570,    258,      0,   6036,   2515,  10090,   8114,     85,   4922,   5455,  46580,     30,   2827,
62.5,   2570,    258,      0,   6030,   2519,  10084,   8107,     85,   4922,   5455,  46580,     31,   2827,
62.5,   2570,    258,      0,   6022,   2522,  10081,   8103,     85,   4922,   5455,  46580,     32,   2827,
62.5,   2570,    258,      0,   6001,   2525,  10070,   8094,     85,   4922,   5455,  46580,     33,   2827,
62.5,   2570,    258,      0,   5989,   2528,  10063,   8091,     85,   4922,   5455,  46580,     34,   2827,
62.5,   2570,    258,      0,   5966,   2531,  10051,   8082,     85,   4922,   5455,  46580,     35,   2827,
34.5,   2570,    258,      0,   4183,   2314,   9098,   8498,   8277,   4922,   5455,  42484,      1,   2827,
34.5,   2570,    258,      0,   4216,   2314,   9112,   8496,   8277,   4922,   5455,  42484,      7,   2827,
34.5,   2570,    258,      0,   4208,   2317,   9108,   8491,   8277,   4922,   5455,  42484,      8,   2827,
34.5,   2570,    258,      0,   4208,   2315,   9109,   8492,   8277,   4922,   5455,  42484,      9,   2827,
34.5,   2570,    258,      0,   4208,   2317,   9110,   8490,   8277,   4922,   5455,  42484,     10,   2827,
34.5,   2570,    258,      0,   4199,   2320,   9107,   8486,   8277,   4922,   5455,  42484,     11,   2827,
34.5,   2570,    258,      0,   4199,   2320,   9105,   8487,   8277,   4922,   5455,  42484,     12,   2827,
34.5,   2570,    258,      0,   4192,   2320,   9101,   8486,   8277,   4922,   5455,  42484,     13,   2827,
34.5,   2570,    258,      0,   4183,   2320,   9098,   8484,   8277,   4922,   5455,  42484,     14,   2827,
34.5,   2570,    258,      0,   4192,   2320,   9102,   8486,   8277,   4922,   5455,  42484,     15,   2827,
34.5,   2570,    258,      0,   4183,   2322,   9099,   8482,   8277,   4922,   5455,  42484,     16,   2827,
34.5,   2570,    258,      0,   4183,   2320,   9096,   8487,   8277,   4922,   5455,  42484,     17,   2827,
34.5,   2570,    258,      0,   4183,   2324,   9096,   8478,   8277,   4922,   5455,  42484,     18,   2827,
34.5,   2570,    258,      0,   4183,   2322,   9096,   8481,   8277,   4922,   5455,  42484,     19,   2827,
34.5,   2570,    258,      0,   4183,   2325,   9098,   8474,   8277,   4922,   5455,  42484,     20,   2827,
34.5,   2570,    258,      0,   4176,   2324,   9095,   8477,   8277,   4922,   5455,  42484,     21,   2827,
34.5,   2570,    258,      0,   4183,   2324,   9096,   8477,   8277,   4922,   5455,  42484,     22,   2827,
34.5,   2570,    258,      0,   4176,   2325,   9095,   8474,   8277,   4922,   5455,  42484,     23,   2827,
34.5,   2570,    258,      0,   4167,   2325,   9091,   8474,   8277,   4922,   5455,  42484,     24,   2827,
34.5,   2570,    258,      0,   4167,   2325,   9091,   8474,   8277,   4922,   5455,  42484,     25,   2827,
34.5,   2570,    258,      0,   4167,   2325,   9089,   8475,   8277,   4922,   5455,  42484,     26,   2827,
34.5,   2570,    258,      0,   4159,   2329,   9086,   8471,   8277,   4922,   5455,  42484,     27,   2827,
34.5,   2570,    258,      0,   4159,   2329,   9084,   8470,   8277,   4922,   5455,  42484,     28,   2827,
34.5,   2570,    258,      0,   4159,   2330,   9087,   8466,   8277,   4922,   5455,  42484,     29,   2827,
34.5,   2570,    258,      0,   4159,   2330,   9086,   8466,   8277,   4922,   5455,  42484,     30,   2827,
34.5,   2570,    258,      0,   4159,   2330,   9087,   8467,   8277,   4922,   5455,  42484,     31,   2827,
34.5,   2570,    258,      0,   4159,   2330,   9085,   8466,   8277,   4922,   5455,  42484,     32,   2827,
