72.5,   2570,    258,      0,   3858,   2298,   8939,   8526,  41933,  59469,  61252,  33988,      1,   2827,
72.5,   2570,    258,      0,   6813,   2320,  10552,   8487,  41933,  59469,  61252,  33988,     10,   2827,
72.5,   2570,    258,      0,   6806,   2322,  10548,   8481,  41933,  59469,  61252,  33988,     11,   2827,
72.5,   2570,    258,      0,   6806,   2325,  10548,   8475,  41933,  59469,  61252,  33988,     12,   2827,
72.5,   2570,    258,      0,   6806,   2330,  10551,   8466,  41933,  59469,  61252,  33988,     13,   2827,
72.5,   2570,    258,      0,   6792,   2332,  10540,   8460,  41933,  59469,  61252,  33988,     14,   2827,
72.5,   2570,    258,      0,   6780,   2334,  10532,   8458,  41933,  59469,  61252,  33988,     15,   2827,
72.5,   2570,    258,      0,   6761,   2338,  10520,   8451,  41933,  59469,  61252,  33988,     16,   2827,
72.5,   2570,    258,      0,   6767,   2340,  10524,   8445,  41933,  59469,  61252,  33988,     17,   2827,
72.5,   2570,    258,      0,   6780,   2344,  10533,   8438,  41933,  59469,  61252,  33988,     18,   2827,
72.5,   2570,    258,      0,   6787,   2349,  10536,   8429,  41933,  59469,  61252,  33988,     19,   2827,
72.5,   2570,    258,      0,   6780,   2351,  10532,   8425,  41933,  59469,  61252,  33988,     20,   2827,
72.5,   2570,    258,      0,   6780,   2356,  10535,   8416,  41933,  59469,  61252,  33988,     21,   2827,
72.5,   2570,    258,      0,   6792,   2359,  10540,   8409,  41933,  59469,  61252,  33988,     22,   2827,
72.5,   2570,    258,      0,   6754,   2363,  10518,   8401,  41933,  59469,  61252,  33988,     23,   2827,
72.5,   2570,    258,      0,   6734,   2368,  10504,   8393,  41933,  59469,  61252,  33988,     24,   2827,
72.5,   2570,    258,      0,   6715,   2372,  10493,   8385,  41933,  59469,  61252,  33988,     25,   2827,
72.5,   2570,    258,      0,   6715,   2374,  10493,   8380,  41933,  59469,  61252,  33988,     26,   2827,
72.5,   2570,    258,      0,   6721,   2378,  10496,   8375,  41933,  59469,  61252,  33988,     27,   2827,
72.5,   2570,    258,      0,   6721,   2379,  10499,   8368,  41933,  59469,  61252,  33988,     28,   2827,
72.5,   2570,    258,      0,   6715,   2384,  10494,   8360,  41933,  59469,  61252,  33988,     29,   2827,
72.5,   2570,    258,      0,   6702,   2388,  10487,   8353,  41933,  59469,  61252,  33988,     30,   2827,
72.5,   2570,    258,      0,   6695,   2390,  10483,   8348,  41933,  59469,  61252,  33988,     31,   2827,
72.5,   2570,    258,      0,   6702,   2397,  10487,   8339,  41933,  59469,  61252,  33988,     32,   2827,
72.5,   2570,    258,      0,   6695,   2402,  10480,   8331,  41933,  59469,  61252,  33988,     33,   2827,
72.5,   2570,    258,      0,   6695,   2403,  10480,   8325,  41933,  59469,  61252,  33988,     34,   2827,
72.5,   2570,    258,      0,   6682,   2407,  10475,   8319,  41933,  59469,  61252,  33988,     35,   2827,
1.8,   2570,    258,      0,   3725,   2320,   8873,   8485,  41421,  59469,  60740,  33988,      1,   2827,
1.8,   2570,    258,      0,   2041,   2307,   8108,   8510,  41421,  59469,  60740,  33988,     12,   2827,
1.8,   2570,    258,      0,   2031,   2305,   8106,   8515,  41421,  59469,  60740,  33988,     13,   2827,
1.8,   2570,    258,      0,   2031,   2304,   8107,   8517,  41421,  59469,  60740,  33988,     14,   2827,
1.8,   2570,    258,      0,   2031,   2301,   8106,   8522,  41421,  59469,  60740,  33988,     15,   2827,
1.8,   2570,    258,      0,   2031,   2298,   8107,   8527,  41421,  59469,  60740,  33988,     16,   2827,
1.8,   2570,    258,      0,   2031,   2295,   8107,   8532,  41421,  59469,  60740,  33988,     17,   2827,
1.8,   2570,    258,      0,   2050,   2293,   8112,   8536,  41421,  59469,  60740,  33988,     18,   2827,
1.8,   2570,    258,      0,   2041,   2293,   8111,   8539,  41421,  59469,  60740,  33988,     19,   2827,
1.8,   2570,    258,      0,   2060,   2290,   8116,   8540,  41421,  59469,  60740,  33988,     20,   2827,
1.8,   2570,    258,      0,   2050,   2287,   8114,   8548,  41421,  59469,  60740,  33988,     21,   2827,
1.8,   2570,    258,      0,   2050,   2285,   8112,   8552,  41421,  59469,  60740,  33988,     22,   2827,
1.8,   2570,    258,      0,   2050,   2285,   8113,   8555,  41421,  59469,  60740,  33988,     23,   2827,
1.8,   2570,    258,      0,   2060,   2281,   8117,   8559,  41421,  59469,  60740,  33988,     24,   2827,
1.8,   2570,    258,      0,   2050,   2280,   8115,   8563,  41421,  59469,  60740,  33988,     25,   2827,
1.8,   2570,    258,      0,   2060,   2276,   8118,   8569,  41421,  59469,  60740,  33988,     26,   2827,
1.8,   2570,    258,      0,   2060,   2275,   8119,   8572,  41421,  59469,  60740,  33988,     27,   2827,
1.8,   2570,    258,      0,   2068,   2272,   8122,   8577,  41421,  59469,  60740,  33988,     28,   2827,
1.8,   2570,    258,      0,   2068,   2269,   8121,   8583,  41421,  59469,  60740,  33988,     29,   2827,
1.8,   2570,    258,      0,   2068,   2266,   8123,   8589,  41421,  59469,  60740,  33988,     30,   2827,
1.8,   2570,    258,      0,   2068,   2263,   8121,   8593,  41421,  59469,  60740,  33988,     31,   2827,
1.8,   2570,    258,      0,   2077,   2263,   8125,   8594,  41421,  59469,  60740,  33988,     32,   2827,
1.8,   2570,    258,      0,   2077,   2261,   8126,   8599,  41421,  59469,  60740,  33988,     33,   2827,
1.8,   2570,    258,      0,   2077,   2257,   8124,   8606,  41421,  59469,  60740,  33988,     34,   2827,
1.8,   2570,    258,      0,   2077,   2257,   8127,   8606,  41421,  59469,  60740,  33988,     35,   2827,
1.8,   2570,    258,      0,   2088,   2253,   8128,   8613,  41421,  59469,  60740,  33988,     36,   2827,
1.8,   2570,    258,      0,   2088,   2251,   8131,   8618,  41421,  59469,  60740,  33988,     37,   2827,
