<<<<<<< HEAD
23.9,   2570,    258,      0,   5994,   2502,  10065,   8138,  20709,   9298,    962,  61864,      1,   2827,
23.9,   2570,    258,      0,   5447,   2502,   9759,   8136,  20709,   9298,    962,  61864,     15,   2827,
23.9,   2570,    258,      0,   5439,   2502,   9755,   8138,  20709,   9298,    962,  61864,     16,   2827,
23.9,   2570,    258,      0,   5447,   2501,   9756,   8140,  20709,   9298,    962,  61864,     17,   2827,
23.9,   2570,    258,      0,   5447,   2501,   9757,   8140,  20709,   9298,    962,  61864,     18,   2827,
23.9,   2570,    258,      0,   5447,   2502,   9757,   8137,  20709,   9298,    962,  61864,     19,   2827,
23.9,   2570,    258,      0,   5447,   2502,   9756,   8137,  20709,   9298,    962,  61864,     20,   2827,
23.9,   2570,    258,      0,   5439,   2502,   9754,   8138,  20709,   9298,    962,  61864,     21,   2827,
23.9,   2570,    258,      0,   5439,   2502,   9755,   8138,  20709,   9298,    962,  61864,     22,   2827,
23.9,   2570,    258,      0,   5447,   2502,   9756,   8138,  20709,   9298,    962,  61864,     23,   2827,
23.9,   2570,    258,      0,   5439,   2502,   9755,   8139,  20709,   9298,    962,  61864,     24,   2827,
23.9,   2570,    258,      0,   5439,   2502,   9752,   8137,  20709,   9298,    962,  61864,     25,   2827,
23.9,   2570,    258,      0,   5432,   2502,   9750,   8139,  20709,   9298,    962,  61864,     26,   2827,
23.9,   2570,    258,      0,   5432,   2501,   9749,   8140,  20709,   9298,    962,  61864,     27,   2827,
23.9,   2570,    258,      0,   5432,   2501,   9751,   8141,  20709,   9298,    962,  61864,     28,   2827,
23.9,   2570,    258,      0,   5432,   2501,   9751,   8140,  20709,   9298,    962,  61864,     29,   2827,
23.9,   2570,    258,      0,   5432,   2502,   9750,   8136,  20709,   9298,    962,  61864,     30,   2827,
23.9,   2570,    258,      0,   5432,   2502,   9750,   8139,  20709,   9298,    962,  61864,     31,   2827,
23.9,   2570,    258,      0,   5432,   2502,   9748,   8139,  20709,   9298,    962,  61864,     32,   2827,
23.9,   2570,    258,      0,   5432,   2502,   9748,   8138,  20709,   9298,    962,  61864,     33,   2827,
23.9,   2570,    258,      0,   5432,   2504,   9748,   8134,  20709,   9298,    962,  61864,     34,   2827,
23.9,   2570,    258,      0,   5425,   2502,   9746,   8136,  20709,   9298,    962,  61864,     35,   2827,
23.9,   2570,    258,      0,   5432,   2502,   9748,   8137,  20709,   9298,    962,  61864,     36,   2827,
23.9,   2570,    258,      0,   5432,   2502,   9749,   8139,  20709,   9298,    962,  61864,     37,   2827,
23.9,   2570,    258,      0,   5432,   2502,   9750,   8138,  20709,   9298,    962,  61864,     38,   2827,
23.9,   2570,    258,      0,   5425,   2502,   9746,   8136,  20709,   9298,    962,  61864,     39,   2827,
23.9,   2570,    258,      0,   5432,   2502,   9750,   8136,  20709,   9298,    962,  61864,     40,   2827,
=======
60.2,   2570,    258,      0,   5805,   2287,   9957,   8550,  20711,   9298,    962,  61865,      1,   2827,
60.2,   2570,    258,      0,   7892,   2347,  11258,   8435,  20711,   9298,    962,  61865,     28,   2827,
60.2,   2570,    258,      0,   7892,   2349,  11256,   8428,  20711,   9298,    962,  61865,     29,   2827,
60.2,   2570,    258,      0,   7892,   2351,  11256,   8425,  20711,   9298,    962,  61865,     30,   2827,
60.2,   2570,    258,      0,   7886,   2352,  11253,   8420,  20711,   9298,    962,  61865,     31,   2827,
60.2,   2570,    258,      0,   7880,   2357,  11248,   8415,  20711,   9298,    962,  61865,     32,   2827,
60.2,   2570,    258,      0,   7875,   2359,  11244,   8409,  20711,   9298,    962,  61865,     33,   2827,
60.2,   2570,    258,      0,   7875,   2361,  11244,   8405,  20711,   9298,    962,  61865,     34,   2827,
60.2,   2570,    258,      0,   7869,   2363,  11240,   8400,  20711,   9298,    962,  61865,     35,   2827,
60.2,   2570,    258,      0,   7857,   2369,  11234,   8391,  20711,   9298,    962,  61865,     36,   2827,
60.2,   2570,    258,      0,   7846,   2372,  11224,   8385,  20711,   9298,    962,  61865,     37,   2827,
60.2,   2570,    258,      0,   7828,   2374,  11214,   8380,  20711,   9298,    962,  61865,     38,   2827,
60.2,   2570,    258,      0,   7828,   2377,  11213,   8376,  20711,   9298,    962,  61865,     39,   2827,
60.2,   2570,    258,      0,   7816,   2378,  11207,   8372,  20711,   9298,    962,  61865,     40,   2827,
60.2,   2570,    258,      0,   7811,   2379,  11202,   8368,  20711,   9298,    962,  61865,     41,   2827,
60.2,   2570,    258,      0,   7811,   2384,  11200,   8362,  20711,   9298,    962,  61865,     42,   2827,
60.2,   2570,    258,      0,   7811,   2387,  11200,   8358,  20711,   9298,    962,  61865,     43,   2827,
60.2,   2570,    258,      0,   7811,   2390,  11202,   8351,  20711,   9298,    962,  61865,     44,   2827,
60.2,   2570,    258,      0,   7805,   2393,  11197,   8345,  20711,   9298,    962,  61865,     45,   2827,
60.2,   2570,    258,      0,   7811,   2397,  11202,   8337,  20711,   9298,    962,  61865,     46,   2827,
60.2,   2570,    258,      0,   7811,   2402,  11202,   8329,  20711,   9298,    962,  61865,     47,   2827,
60.2,   2570,    258,      0,   7805,   2405,  11199,   8322,  20711,   9298,    962,  61865,     48,   2827,
60.2,   2570,    258,      0,   7805,   2407,  11199,   8316,  20711,   9298,    962,  61865,     49,   2827,
60.2,   2570,    258,      0,   7805,   2412,  11198,   8311,  20711,   9298,    962,  61865,     50,   2827,
60.2,   2570,    258,      0,   7805,   2416,  11198,   8303,  20711,   9298,    962,  61865,     51,   2827,
60.2,   2570,    258,      0,   7805,   2417,  11196,   8297,  20711,   9298,    962,  61865,     52,   2827,
60.2,   2570,    258,      0,   7781,   2422,  11181,   8289,  20711,   9298,    962,  61865,     53,   2827,
>>>>>>> 452540c9efb0a1d9549ed013a5dea54903389b7d
