72.1,   2570,    258,      0,   2337,   2322,   8238,   8481,  58624,  42768,  20707,  37057,      1,   2827,
72.1,   2570,    258,      0,   6009,   2336,  10075,   8452,  58624,  42768,  20707,  37057,     11,   2827,
72.1,   2570,    258,      0,   6022,   2338,  10080,   8449,  58624,  42768,  20707,  37057,     12,   2827,
72.1,   2570,    258,      0,   6022,   2343,  10081,   8443,  58624,  42768,  20707,  37057,     13,   2827,
72.1,   2570,    258,      0,   6015,   2344,  10077,   8437,  58624,  42768,  20707,  37057,     14,   2827,
72.1,   2570,    258,      0,   6009,   2349,  10074,   8431,  58624,  42768,  20707,  37057,     15,   2827,
72.1,   2570,    258,      0,   6001,   2351,  10068,   8427,  58624,  42768,  20707,  37057,     16,   2827,
72.1,   2570,    258,      0,   5981,   2356,  10057,   8419,  58624,  42768,  20707,  37057,     17,   2827,
72.1,   2570,    258,      0,   5960,   2357,  10045,   8415,  58624,  42768,  20707,  37057,     18,   2827,
72.1,   2570,    258,      0,   5945,   2359,  10036,   8410,  58624,  42768,  20707,  37057,     19,   2827,
72.1,   2570,    258,      0,   5939,   2361,  10033,   8404,  58624,  42768,  20707,  37057,     20,   2827,
72.1,   2570,    258,      0,   5945,   2366,  10037,   8399,  58624,  42768,  20707,  37057,     21,   2827,
72.1,   2570,    258,      0,   5981,   2368,  10056,   8393,  58624,  42768,  20707,  37057,     22,   2827,
72.1,   2570,    258,      0,   5974,   2374,  10052,   8382,  58624,  42768,  20707,  37057,     23,   2827,
72.1,   2570,    258,      0,   5981,   2377,  10059,   8378,  58624,  42768,  20707,  37057,     24,   2827,
72.1,   2570,    258,      0,   5981,   2379,  10058,   8370,  58624,  42768,  20707,  37057,     25,   2827,
72.1,   2570,    258,      0,   5966,   2383,  10049,   8365,  58624,  42768,  20707,  37057,     26,   2827,
72.1,   2570,    258,      0,   5994,   2387,  10064,   8356,  58624,  42768,  20707,  37057,     27,   2827,
72.1,   2570,    258,      0,   6009,   2390,  10075,   8350,  58624,  42768,  20707,  37057,     28,   2827,
72.1,   2570,    258,      0,   5989,   2395,  10062,   8340,  58624,  42768,  20707,  37057,     29,   2827,
72.1,   2570,    258,      0,   5994,   2402,  10065,   8328,  58624,  42768,  20707,  37057,     30,   2827,
72.1,   2570,    258,      0,   6022,   2405,  10082,   8322,  58624,  42768,  20707,  37057,     31,   2827,
72.1,   2570,    258,      0,   6030,   2409,  10085,   8314,  58624,  42768,  20707,  37057,     32,   2827,
72.1,   2570,    258,      0,   6015,   2416,  10078,   8301,  58624,  42768,  20707,  37057,     33,   2827,
72.1,   2570,    258,      0,   6022,   2417,  10082,   8298,  58624,  42768,  20707,  37057,     34,   2827,
72.1,   2570,    258,      0,   5994,   2422,  10066,   8288,  58624,  42768,  20707,  37057,     35,   2827,
72.1,   2570,    258,      0,   5974,   2429,  10055,   8278,  58624,  42768,  20707,  37057,     36,   2827,
1.6,   2570,    258,      0,   2272,   2208,   8209,   8702,  25857,  42768,  21227,  32961,      1,   2827,
1.6,   2570,    258,      0,    810,   2193,   7603,   8729,  25857,  42768,  21227,  32961,     10,   2827,
1.6,   2570,    258,      0,    810,   2193,   7601,   8728,  25857,  42768,  21227,  32961,     11,   2827,
1.6,   2570,    258,      0,    820,   2191,   7606,   8735,  25857,  42768,  21227,  32961,     12,   2827,
1.6,   2570,    258,      0,    820,   2189,   7605,   8739,  25857,  42768,  21227,  32961,     13,   2827,
1.6,   2570,    258,      0,    810,   2187,   7603,   8743,  25857,  42768,  21227,  32961,     14,   2827,
1.6,   2570,    258,      0,    820,   2185,   7606,   8746,  25857,  42768,  21227,  32961,     15,   2827,
1.6,   2570,    258,      0,    830,   2183,   7609,   8748,  25857,  42768,  21227,  32961,     16,   2827,
1.6,   2570,    258,      0,    820,   2181,   7606,   8752,  25857,  42768,  21227,  32961,     17,   2827,
1.6,   2570,    258,      0,    820,   2179,   7607,   8759,  25857,  42768,  21227,  32961,     18,   2827,
1.6,   2570,    258,      0,    830,   2177,   7609,   8760,  25857,  42768,  21227,  32961,     19,   2827,
1.6,   2570,    258,      0,    830,   2174,   7609,   8766,  25857,  42768,  21227,  32961,     20,   2827,
1.6,   2570,    258,      0,    839,   2170,   7612,   8774,  25857,  42768,  21227,  32961,     21,   2827,
1.6,   2570,    258,      0,    839,   2168,   7613,   8778,  25857,  42768,  21227,  32961,     22,   2827,
1.6,   2570,    258,      0,    830,   2168,   7609,   8778,  25857,  42768,  21227,  32961,     23,   2827,
1.6,   2570,    258,      0,    850,   2168,   7617,   8779,  25857,  42768,  21227,  32961,     24,   2827,
1.6,   2570,    258,      0,    839,   2164,   7615,   8785,  25857,  42768,  21227,  32961,     25,   2827,
1.6,   2570,    258,      0,    850,   2162,   7618,   8790,  25857,  42768,  21227,  32961,     26,   2827,
1.6,   2570,    258,      0,    850,   2158,   7618,   8798,  25857,  42768,  21227,  32961,     27,   2827,
1.6,   2570,    258,      0,    850,   2158,   7617,   8796,  25857,  42768,  21227,  32961,     28,   2827,
1.6,   2570,    258,      0,    850,   2155,   7619,   8801,  25857,  42768,  21227,  32961,     29,   2827,
1.6,   2570,    258,      0,    860,   2154,   7623,   8806,  25857,  42768,  21227,  32961,     30,   2827,
1.6,   2570,    258,      0,    860,   2152,   7620,   8810,  25857,  42768,  21227,  32961,     31,   2827,
1.6,   2570,    258,      0,    860,   2150,   7621,   8814,  25857,  42768,  21227,  32961,     32,   2827,
1.6,   2570,    258,      0,    860,   2147,   7623,   8816,  25857,  42768,  21227,  32961,     33,   2827,
1.6,   2570,    258,      0,    860,   2143,   7622,   8825,  25857,  42768,  21227,  32961,     34,   2827,
1.6,   2570,    258,      0,    869,   2143,   7627,   8824,  25857,  42768,  21227,  32961,     35,   2827,
