71.3,   2570,    258,      0,   1557,   2504,   7907,   8135,  56084,  21506,  43174,  17132,      1,   2827,
71.3,   2570,    258,      0,   5476,   2508,   9772,   8126,  56084,  21506,  43174,  17132,     28,   2827,
71.3,   2570,    258,      0,   5476,   2511,   9774,   8120,  56084,  21506,  43174,  17132,     29,   2827,
71.3,   2570,    258,      0,   5461,   2515,   9765,   8115,  56084,  21506,  43174,  17132,     30,   2827,
71.3,   2570,    258,      0,   5447,   2515,   9756,   8112,  56084,  21506,  43174,  17132,     31,   2827,
71.3,   2570,    258,      0,   5439,   2522,   9754,   8102,  56084,  21506,  43174,  17132,     32,   2827,
71.3,   2570,    258,      0,   5447,   2523,   9757,   8099,  56084,  21506,  43174,  17132,     33,   2827,
71.3,   2570,    258,      0,   5439,   2525,   9755,   8094,  56084,  21506,  43174,  17132,     34,   2827,
71.3,   2570,    258,      0,   5439,   2528,   9752,   8089,  56084,  21506,  43174,  17132,     35,   2827,
71.3,   2570,    258,      0,   5461,   2530,   9765,   8084,  56084,  21506,  43174,  17132,     36,   2827,
71.3,   2570,    258,      0,   5469,   2534,   9768,   8077,  56084,  21506,  43174,  17132,     37,   2827,
71.3,   2570,    258,      0,   5469,   2536,   9768,   8072,  56084,  21506,  43174,  17132,     38,   2827,
71.3,   2570,    258,      0,   5490,   2540,   9781,   8067,  56084,  21506,  43174,  17132,     39,   2827,
71.3,   2570,    258,      0,   5490,   2547,   9782,   8054,  56084,  21506,  43174,  17132,     40,   2827,
71.3,   2570,    258,      0,   5469,   2549,   9770,   8050,  56084,  21506,  43174,  17132,     41,   2827,
71.3,   2570,    258,      0,   5447,   2551,   9759,   8046,  56084,  21506,  43174,  17132,     42,   2827,
71.3,   2570,    258,      0,   5425,   2557,   9747,   8035,  56084,  21506,  43174,  17132,     43,   2827,
71.3,   2570,    258,      0,   5396,   2559,   9730,   8031,  56084,  21506,  43174,  17132,     44,   2827,
71.3,   2570,    258,      0,   5380,   2561,   9720,   8024,  56084,  21506,  43174,  17132,     45,   2827,
71.3,   2570,    258,      0,   5389,   2563,   9726,   8020,  56084,  21506,  43174,  17132,     46,   2827,
71.3,   2570,    258,      0,   5418,   2570,   9741,   8010,  56084,  21506,  43174,  17132,     47,   2827,
71.3,   2570,    258,      0,   5402,   2572,   9733,   8006,  56084,  21506,  43174,  17132,     48,   2827,
71.3,   2570,    258,      0,   5374,   2577,   9719,   7999,  56084,  21506,  43174,  17132,     49,   2827,
71.3,   2570,    258,      0,   5352,   2579,   9706,   7992,  56084,  21506,  43174,  17132,     50,   2827,
71.3,   2570,    258,      0,   5337,   2580,   9697,   7990,  56084,  21506,  43174,  17132,     51,   2827,
71.3,   2570,    258,      0,   5322,   2585,   9688,   7982,  56084,  21506,  43174,  17132,     52,   2827,
71.3,   2570,    258,      0,   5329,   2589,   9693,   7975,  56084,  21506,  43174,  17132,     53,   2827,
2.8,   2570,    258,      0,   1740,   2251,   7982,   8617,  56156,  21506,  43430,  17132,      1,   2827,
2.8,   2570,    258,      0,     79,   2241,   7318,   8636,  56156,  21506,  43430,  17132,      8,   2827,
2.8,   2570,    258,      0,     79,   2241,   7319,   8639,  56156,  21506,  43430,  17132,      9,   2827,
2.8,   2570,    258,      0,     70,   2241,   7315,   8638,  56156,  21506,  43430,  17132,     10,   2827,
2.8,   2570,    258,      0,     79,   2236,   7317,   8647,  56156,  21506,  43430,  17132,     11,   2827,
2.8,   2570,    258,      0,     79,   2234,   7317,   8648,  56156,  21506,  43430,  17132,     12,   2827,
2.8,   2570,    258,      0,     79,   2232,   7319,   8653,  56156,  21506,  43430,  17132,     13,   2827,
2.8,   2570,    258,      0,     79,   2230,   7318,   8656,  56156,  21506,  43430,  17132,     14,   2827,
2.8,   2570,    258,      0,     91,   2228,   7321,   8660,  56156,  21506,  43430,  17132,     15,   2827,
2.8,   2570,    258,      0,     79,   2226,   7317,   8667,  56156,  21506,  43430,  17132,     16,   2827,
2.8,   2570,    258,      0,     91,   2224,   7320,   8670,  56156,  21506,  43430,  17132,     17,   2827,
2.8,   2570,    258,      0,     91,   2220,   7322,   8678,  56156,  21506,  43430,  17132,     18,   2827,
2.8,   2570,    258,      0,     91,   2220,   7321,   8677,  56156,  21506,  43430,  17132,     19,   2827,
2.8,   2570,    258,      0,    101,   2218,   7324,   8681,  56156,  21506,  43430,  17132,     20,   2827,
2.8,   2570,    258,      0,    112,   2216,   7328,   8686,  56156,  21506,  43430,  17132,     21,   2827,
2.8,   2570,    258,      0,    101,   2212,   7326,   8692,  56156,  21506,  43430,  17132,     22,   2827,
2.8,   2570,    258,      0,    112,   2212,   7330,   8692,  56156,  21506,  43430,  17132,     23,   2827,
2.8,   2570,    258,      0,    112,   2208,   7329,   8702,  56156,  21506,  43430,  17132,     24,   2827,
2.8,   2570,    258,      0,    101,   2206,   7327,   8705,  56156,  21506,  43430,  17132,     25,   2827,
2.8,   2570,    258,      0,    122,   2204,   7334,   8709,  56156,  21506,  43430,  17132,     26,   2827,
2.8,   2570,    258,      0,    122,   2201,   7332,   8712,  56156,  21506,  43430,  17132,     27,   2827,
2.8,   2570,    258,      0,    132,   2198,   7336,   8720,  56156,  21506,  43430,  17132,     28,   2827,
2.8,   2570,    258,      0,    132,   2198,   7336,   8720,  56156,  21506,  43430,  17132,     29,   2827,
2.8,   2570,    258,      0,    132,   2196,   7336,   8724,  56156,  21506,  43430,  17132,     30,   2827,
2.8,   2570,    258,      0,    122,   2196,   7335,   8726,  56156,  21506,  43430,  17132,     31,   2827,
2.8,   2570,    258,      0,    132,   2191,   7338,   8733,  56156,  21506,  43430,  17132,     32,   2827,
2.8,   2570,    258,      0,    132,   2189,   7339,   8737,  56156,  21506,  43430,  17132,     33,   2827,
36.9,   2570,    258,      0,   1520,   2448,   7891,   8240,  56148,  21507,  43238,  17132,      1,   2827,
36.9,   2570,    258,      0,   2573,   2452,   8342,   8234,  56148,  21507,  43238,  17132,     13,   2827,
36.9,   2570,    258,      0,   2573,   2452,   8342,   8235,  56148,  21507,  43238,  17132,     14,   2827,
36.9,   2570,    258,      0,   2573,   2452,   8342,   8235,  56148,  21507,  43238,  17132,     15,   2827,
36.9,   2570,    258,      0,   2573,   2453,   8340,   8231,  56148,  21507,  43238,  17132,     16,   2827,
36.9,   2570,    258,      0,   2564,   2453,   8337,   8230,  56148,  21507,  43238,  17132,     17,   2827,
36.9,   2570,    258,      0,   2554,   2456,   8334,   8227,  56148,  21507,  43238,  17132,     18,   2827,
36.9,   2570,    258,      0,   2554,   2456,   8334,   8227,  56148,  21507,  43238,  17132,     19,   2827,
36.9,   2570,    258,      0,   2554,   2456,   8334,   8227,  56148,  21507,  43238,  17132,     20,   2827,
36.9,   2570,    258,      0,   2554,   2456,   8335,   8227,  56148,  21507,  43238,  17132,     21,   2827,
36.9,   2570,    258,      0,   2554,   2457,   8333,   8223,  56148,  21507,  43238,  17132,     22,   2827,
36.9,   2570,    258,      0,   2554,   2456,   8334,   8226,  56148,  21507,  43238,  17132,     23,   2827,
36.9,   2570,    258,      0,   2554,   2457,   8332,   8221,  56148,  21507,  43238,  17132,     24,   2827,
36.9,   2570,    258,      0,   2564,   2457,   8337,   8223,  56148,  21507,  43238,  17132,     25,   2827,
36.9,   2570,    258,      0,   2564,   2457,   8339,   8221,  56148,  21507,  43238,  17132,     26,   2827,
36.9,   2570,    258,      0,   2573,   2460,   8340,   8218,  56148,  21507,  43238,  17132,     27,   2827,
36.9,   2570,    258,      0,   2573,   2460,   8343,   8216,  56148,  21507,  43238,  17132,     28,   2827,
36.9,   2570,    258,      0,   2564,   2462,   8339,   8212,  56148,  21507,  43238,  17132,     29,   2827,
36.9,   2570,    258,      0,   2554,   2464,   8334,   8210,  56148,  21507,  43238,  17132,     30,   2827,
36.9,   2570,    258,      0,   2546,   2464,   8331,   8211,  56148,  21507,  43238,  17132,     31,   2827,
36.9,   2570,    258,      0,   2546,   2464,   8328,   8210,  56148,  21507,  43238,  17132,     32,   2827,
36.9,   2570,    258,      0,   2537,   2467,   8326,   8206,  56148,  21507,  43238,  17132,     33,   2827,
36.9,   2570,    258,      0,   2537,   2464,   8325,   8209,  56148,  21507,  43238,  17132,     34,   2827,
36.9,   2570,    258,      0,   2537,   2467,   8325,   8205,  56148,  21507,  43238,  17132,     35,   2827,
36.9,   2570,    258,      0,   2537,   2468,   8324,   8200,  56148,  21507,  43238,  17132,     36,   2827,
36.9,   2570,    258,      0,   2519,   2467,   8317,   8205,  56148,  21507,  43238,  17132,     37,   2827,
36.9,   2570,    258,      0,   2528,   2468,   8321,   8200,  56148,  21507,  43238,  17132,     38,   2827,
