22.5,   2570,    258,      0,   4375,   2241,   9193,   8636,  54595,  51602,  64181,  17752,      1,   2827,
22.5,   2570,    258,      0,   3431,   2260,   8732,   8603,  54595,  51602,  64181,  17752,     33,   2827,
22.5,   2570,    258,      0,   3431,   2257,   8733,   8605,  54595,  51602,  64181,  17752,     34,   2827,
22.5,   2570,    258,      0,   3423,   2260,   8731,   8603,  54595,  51602,  64181,  17752,     35,   2827,
22.5,   2570,    258,      0,   3431,   2261,   8732,   8599,  54595,  51602,  64181,  17752,     36,   2827,
22.5,   2570,    258,      0,   3423,   2261,   8728,   8598,  54595,  51602,  64181,  17752,     37,   2827,
22.5,   2570,    258,      0,   3423,   2263,   8730,   8595,  54595,  51602,  64181,  17752,     38,   2827,
22.5,   2570,    258,      0,   3423,   2261,   8731,   8598,  54595,  51602,  64181,  17752,     39,   2827,
22.5,   2570,    258,      0,   3413,   2261,   8727,   8599,  54595,  51602,  64181,  17752,     40,   2827,
22.5,   2570,    258,      0,   3423,   2261,   8728,   8597,  54595,  51602,  64181,  17752,     41,   2827,
22.5,   2570,    258,      0,   3413,   2261,   8727,   8597,  54595,  51602,  64181,  17752,     42,   2827,
22.5,   2570,    258,      0,   3423,   2261,   8731,   8596,  54595,  51602,  64181,  17752,     43,   2827,
22.5,   2570,    258,      0,   3423,   2261,   8730,   8596,  54595,  51602,  64181,  17752,     44,   2827,
22.5,   2570,    258,      0,   3423,   2263,   8730,   8593,  54595,  51602,  64181,  17752,     45,   2827,
22.5,   2570,    258,      0,   3423,   2263,   8728,   8594,  54595,  51602,  64181,  17752,     46,   2827,
22.5,   2570,    258,      0,   3423,   2266,   8731,   8590,  54595,  51602,  64181,  17752,     47,   2827,
22.5,   2570,    258,      0,   3423,   2266,   8730,   8591,  54595,  51602,  64181,  17752,     48,   2827,
22.5,   2570,    258,      0,   3423,   2266,   8728,   8589,  54595,  51602,  64181,  17752,     49,   2827,
22.5,   2570,    258,      0,   3413,   2268,   8725,   8587,  54595,  51602,  64181,  17752,     50,   2827,
22.5,   2570,    258,      0,   3423,   2266,   8729,   8590,  54595,  51602,  64181,  17752,     51,   2827,
22.5,   2570,    258,      0,   3413,   2266,   8727,   8588,  54595,  51602,  64181,  17752,     52,   2827,
22.5,   2570,    258,      0,   3413,   2269,   8726,   8581,  54595,  51602,  64181,  17752,     53,   2827,
22.5,   2570,    258,      0,   3413,   2269,   8725,   8582,  54595,  51602,  64181,  17752,     54,   2827,
22.5,   2570,    258,      0,   3413,   2269,   8726,   8582,  54595,  51602,  64181,  17752,     55,   2827,
22.5,   2570,    258,      0,   3413,   2268,   8725,   8586,  54595,  51602,  64181,  17752,     56,   2827,
22.5,   2570,    258,      0,   3423,   2269,   8731,   8582,  54595,  51602,  64181,  17752,     57,   2827,
22.5,   2570,    258,      0,   3413,   2269,   8725,   8581,  54595,  51602,  64181,  17752,     58,   2827,
