69.4,   2570,    258,      0,   5315,   2330,   9687,   8465,  20992,  54846,   2543,  32960,      1,   2827,
69.4,   2570,    258,      0,   8020,   2347,  11344,   8435,  20992,  54846,   2543,  32960,     10,   2827,
69.4,   2570,    258,      0,   8002,   2351,  11333,   8424,  20992,  54846,   2543,  32960,     11,   2827,
69.4,   2570,    258,      0,   8015,   2356,  11342,   8417,  20992,  54846,   2543,  32960,     12,   2827,
69.4,   2570,    258,      0,   8002,   2359,  11332,   8411,  20992,  54846,   2543,  32960,     13,   2827,
69.4,   2570,    258,      0,   7991,   2361,  11326,   8406,  20992,  54846,   2543,  32960,     14,   2827,
69.4,   2570,    258,      0,   7985,   2363,  11322,   8401,  20992,  54846,   2543,  32960,     15,   2827,
69.4,   2570,    258,      0,   7961,   2369,  11307,   8391,  20992,  54846,   2543,  32960,     16,   2827,
69.4,   2570,    258,      0,   7961,   2372,  11305,   8387,  20992,  54846,   2543,  32960,     17,   2827,
69.4,   2570,    258,      0,   7944,   2374,  11292,   8380,  20992,  54846,   2543,  32960,     18,   2827,
69.4,   2570,    258,      0,   7927,   2377,  11283,   8376,  20992,  54846,   2543,  32960,     19,   2827,
69.4,   2570,    258,      0,   7915,   2379,  11275,   8369,  20992,  54846,   2543,  32960,     20,   2827,
69.4,   2570,    258,      0,   7921,   2387,  11278,   8359,  20992,  54846,   2543,  32960,     21,   2827,
69.4,   2570,    258,      0,   7921,   2387,  11276,   8359,  20992,  54846,   2543,  32960,     22,   2827,
69.4,   2570,    258,      0,   7910,   2390,  11269,   8351,  20992,  54846,   2543,  32960,     23,   2827,
69.4,   2570,    258,      0,   7921,   2395,  11279,   8343,  20992,  54846,   2543,  32960,     24,   2827,
69.4,   2570,    258,      0,   7927,   2398,  11281,   8335,  20992,  54846,   2543,  32960,     25,   2827,
69.4,   2570,    258,      0,   7910,   2402,  11268,   8328,  20992,  54846,   2543,  32960,     26,   2827,
69.4,   2570,    258,      0,   7880,   2403,  11251,   8324,  20992,  54846,   2543,  32960,     27,   2827,
69.4,   2570,    258,      0,   7869,   2409,  11242,   8315,  20992,  54846,   2543,  32960,     28,   2827,
69.4,   2570,    258,      0,   7857,   2409,  11235,   8314,  20992,  54846,   2543,  32960,     29,   2827,
69.4,   2570,    258,      0,   7851,   2413,  11229,   8304,  20992,  54846,   2543,  32960,     30,   2827,
69.4,   2570,    258,      0,   7851,   2416,  11229,   8302,  20992,  54846,   2543,  32960,     31,   2827,
69.4,   2570,    258,      0,   7863,   2420,  11237,   8295,  20992,  54846,   2543,  32960,     32,   2827,
69.4,   2570,    258,      0,   7863,   2424,  11238,   8284,  20992,  54846,   2543,  32960,     33,   2827,
69.4,   2570,    258,      0,   7857,   2429,  11232,   8279,  20992,  54846,   2543,  32960,     34,   2827,
69.4,   2570,    258,      0,   7851,   2433,  11231,   8271,  20992,  54846,   2543,  32960,     35,   2827,
2.4,   2570,    258,      0,   5700,   2356,   9899,   8417,  20992,  54846,   2415,  32968,      1,   2827,
2.4,   2570,    258,      0,   3956,   2347,   8985,   8435,  20992,  54846,   2415,  32968,      9,   2827,
2.4,   2570,    258,      0,   3948,   2344,   8981,   8439,  20992,  54846,   2415,  32968,     10,   2827,
2.4,   2570,    258,      0,   3948,   2340,   8981,   8444,  20992,  54846,   2415,  32968,     11,   2827,
2.4,   2570,    258,      0,   3940,   2340,   8978,   8447,  20992,  54846,   2415,  32968,     12,   2827,
2.4,   2570,    258,      0,   3948,   2338,   8980,   8451,  20992,  54846,   2415,  32968,     13,   2827,
2.4,   2570,    258,      0,   3940,   2334,   8977,   8457,  20992,  54846,   2415,  32968,     14,   2827,
2.4,   2570,    258,      0,   3940,   2330,   8977,   8465,  20992,  54846,   2415,  32968,     15,   2827,
2.4,   2570,    258,      0,   3940,   2330,   8976,   8464,  20992,  54846,   2415,  32968,     16,   2827,
2.4,   2570,    258,      0,   3940,   2330,   8977,   8465,  20992,  54846,   2415,  32968,     17,   2827,
2.4,   2570,    258,      0,   3940,   2324,   8979,   8476,  20992,  54846,   2415,  32968,     18,   2827,
2.4,   2570,    258,      0,   3940,   2325,   8979,   8473,  20992,  54846,   2415,  32968,     19,   2827,
2.4,   2570,    258,      0,   3948,   2320,   8980,   8484,  20992,  54846,   2415,  32968,     20,   2827,
2.4,   2570,    258,      0,   3948,   2320,   8982,   8485,  20992,  54846,   2415,  32968,     21,   2827,
2.4,   2570,    258,      0,   3948,   2317,   8982,   8489,  20992,  54846,   2415,  32968,     22,   2827,
2.4,   2570,    258,      0,   3948,   2317,   8983,   8491,  20992,  54846,   2415,  32968,     23,   2827,
2.4,   2570,    258,      0,   3948,   2315,   8981,   8495,  20992,  54846,   2415,  32968,     24,   2827,
2.4,   2570,    258,      0,   3956,   2311,   8984,   8501,  20992,  54846,   2415,  32968,     25,   2827,
2.4,   2570,    258,      0,   3956,   2311,   8984,   8502,  20992,  54846,   2415,  32968,     26,   2827,
2.4,   2570,    258,      0,   3956,   2307,   8987,   8509,  20992,  54846,   2415,  32968,     27,   2827,
2.4,   2570,    258,      0,   3956,   2305,   8986,   8515,  20992,  54846,   2415,  32968,     28,   2827,
2.4,   2570,    258,      0,   3964,   2305,   8990,   8514,  20992,  54846,   2415,  32968,     29,   2827,
2.4,   2570,    258,      0,   3956,   2301,   8987,   8522,  20992,  54846,   2415,  32968,     30,   2827,
2.4,   2570,    258,      0,   3964,   2298,   8990,   8524,  20992,  54846,   2415,  32968,     31,   2827,
2.4,   2570,    258,      0,   3973,   2297,   8992,   8528,  20992,  54846,   2415,  32968,     32,   2827,
2.4,   2570,    258,      0,   3973,   2295,   8994,   8532,  20992,  54846,   2415,  32968,     33,   2827,
2.4,   2570,    258,      0,   3973,   2293,   8994,   8538,  20992,  54846,   2415,  32968,     34,   2827,
