3.2,   2570,    258,      0,   2920,   2238,   8496,   8641,  39005,   5778,  42625,  39084,      1,   2827,
3.2,   2570,    258,      0,   1373,   2232,   7829,   8653,  39005,   5778,  42625,  39084,      7,   2827,
3.2,   2570,    258,      0,   1354,   2232,   7822,   8655,  39005,   5778,  42625,  39084,      8,   2827,
3.2,   2570,    258,      0,   1354,   2230,   7822,   8658,  39005,   5778,  42625,  39084,      9,   2827,
3.2,   2570,    258,      0,   1344,   2228,   7819,   8661,  39005,   5778,  42625,  39084,     10,   2827,
3.2,   2570,    258,      0,   1335,   2228,   7814,   8663,  39005,   5778,  42625,  39084,     11,   2827,
3.2,   2570,    258,      0,   1335,   2224,   7812,   8668,  39005,   5778,  42625,  39084,     12,   2827,
3.2,   2570,    258,      0,   1325,   2224,   7810,   8669,  39005,   5778,  42625,  39084,     13,   2827,
3.2,   2570,    258,      0,   1325,   2224,   7810,   8670,  39005,   5778,  42625,  39084,     14,   2827,
3.2,   2570,    258,      0,   1325,   2224,   7811,   8670,  39005,   5778,  42625,  39084,     15,   2827,
3.2,   2570,    258,      0,   1335,   2220,   7812,   8677,  39005,   5778,  42625,  39084,     16,   2827,
3.2,   2570,    258,      0,   1315,   2222,   7807,   8674,  39005,   5778,  42625,  39084,     17,   2827,
3.2,   2570,    258,      0,   1306,   2220,   7802,   8676,  39005,   5778,  42625,  39084,     18,   2827,
3.2,   2570,    258,      0,   1306,   2218,   7803,   8681,  39005,   5778,  42625,  39084,     19,   2827,
3.2,   2570,    258,      0,   1315,   2220,   7807,   8679,  39005,   5778,  42625,  39084,     20,   2827,
3.2,   2570,    258,      0,   1306,   2218,   7802,   8683,  39005,   5778,  42625,  39084,     21,   2827,
3.2,   2570,    258,      0,   1315,   2216,   7805,   8686,  39005,   5778,  42625,  39084,     22,   2827,
3.2,   2570,    258,      0,   1306,   2214,   7803,   8688,  39005,   5778,  42625,  39084,     23,   2827,
3.2,   2570,    258,      0,   1306,   2214,   7802,   8689,  39005,   5778,  42625,  39084,     24,   2827,
3.2,   2570,    258,      0,   1296,   2214,   7799,   8688,  39005,   5778,  42625,  39084,     25,   2827,
3.2,   2570,    258,      0,   1306,   2214,   7802,   8691,  39005,   5778,  42625,  39084,     26,   2827,
3.2,   2570,    258,      0,   1306,   2212,   7803,   8692,  39005,   5778,  42625,  39084,     27,   2827,
3.2,   2570,    258,      0,   1315,   2210,   7806,   8696,  39005,   5778,  42625,  39084,     28,   2827,
3.2,   2570,    258,      0,   1315,   2210,   7806,   8696,  39005,   5778,  42625,  39084,     29,   2827,
3.2,   2570,    258,      0,   1315,   2210,   7805,   8698,  39005,   5778,  42625,  39084,     30,   2827,
3.2,   2570,    258,      0,   1315,   2208,   7806,   8702,  39005,   5778,  42625,  39084,     31,   2827,
3.2,   2570,    258,      0,   1315,   2208,   7806,   8702,  39005,   5778,  42625,  39084,     32,   2827,
35.6,   2570,    258,      0,   2690,   2254,   8394,   8608,  39005,   4754,  42625,  39084,      1,   2827,
35.6,   2570,    258,      0,   3457,   2269,   8745,   8582,  39005,   4754,  42625,  39084,     40,   2827,
35.6,   2570,    258,      0,   3464,   2269,   8749,   8580,  39005,   4754,  42625,  39084,     41,   2827,
35.6,   2570,    258,      0,   3473,   2272,   8755,   8579,  39005,   4754,  42625,  39084,     42,   2827,
35.6,   2570,    258,      0,   3464,   2275,   8751,   8574,  39005,   4754,  42625,  39084,     43,   2827,
35.6,   2570,    258,      0,   3464,   2272,   8750,   8577,  39005,   4754,  42625,  39084,     44,   2827,
35.6,   2570,    258,      0,   3448,   2275,   8740,   8575,  39005,   4754,  42625,  39084,     45,   2827,
35.6,   2570,    258,      0,   3448,   2276,   8742,   8570,  39005,   4754,  42625,  39084,     46,   2827,
35.6,   2570,    258,      0,   3448,   2276,   8741,   8571,  39005,   4754,  42625,  39084,     47,   2827,
35.6,   2570,    258,      0,   3448,   2276,   8740,   8570,  39005,   4754,  42625,  39084,     48,   2827,
35.6,   2570,    258,      0,   3439,   2276,   8738,   8568,  39005,   4754,  42625,  39084,     49,   2827,
35.6,   2570,    258,      0,   3439,   2278,   8736,   8565,  39005,   4754,  42625,  39084,     50,   2827,
35.6,   2570,    258,      0,   3439,   2280,   8736,   8563,  39005,   4754,  42625,  39084,     51,   2827,
35.6,   2570,    258,      0,   3439,   2280,   8737,   8562,  39005,   4754,  42625,  39084,     52,   2827,
35.6,   2570,    258,      0,   3448,   2280,   8741,   8560,  39005,   4754,  42625,  39084,     53,   2827,
35.6,   2570,    258,      0,   3448,   2285,   8743,   8555,  39005,   4754,  42625,  39084,     54,   2827,
35.6,   2570,    258,      0,   3448,   2285,   8742,   8554,  39005,   4754,  42625,  39084,     55,   2827,
35.6,   2570,    258,      0,   3439,   2281,   8739,   8556,  39005,   4754,  42625,  39084,     56,   2827,
35.6,   2570,    258,      0,   3431,   2285,   8734,   8554,  39005,   4754,  42625,  39084,     57,   2827,
35.6,   2570,    258,      0,   3439,   2287,   8737,   8551,  39005,   4754,  42625,  39084,     58,   2827,
35.6,   2570,    258,      0,   3439,   2287,   8737,   8550,  39005,   4754,  42625,  39084,     59,   2827,
35.6,   2570,    258,      0,   3431,   2288,   8732,   8546,  39005,   4754,  42625,  39084,     60,   2827,
35.6,   2570,    258,      0,   3431,   2290,   8732,   8543,  39005,   4754,  42625,  39084,     61,   2827,
35.6,   2570,    258,      0,   3431,   2290,   8735,   8543,  39005,   4754,  42625,  39084,     62,   2827,
35.6,   2570,    258,      0,   3431,   2290,   8735,   8542,  39005,   4754,  42625,  39084,     63,   2827,
35.6,   2570,    258,      0,   3431,   2293,   8735,   8539,  39005,   4754,  42625,  39084,     64,   2827,
35.6,   2570,    258,      0,   3431,   2295,   8733,   8534,  39005,   4754,  42625,  39084,     65,   2827,
