3.3,   2570,    258,      0,   1910,   2181,   8055,   8753,   6880,  23894,  37414,  16650,      1,   2827,
3.3,   2570,    258,      0,    422,   2183,   7448,   8750,   6880,  23894,  37414,  16650,     79,   2827,
3.3,   2570,    258,      0,    422,   2183,   7451,   8751,   6880,  23894,  37414,  16650,     80,   2827,
3.3,   2570,    258,      0,    422,   2179,   7450,   8757,   6880,  23894,  37414,  16650,     81,   2827,
3.3,   2570,    258,      0,    422,   2179,   7450,   8757,   6880,  23894,  37414,  16650,     82,   2827,
3.3,   2570,    258,      0,    422,   2177,   7451,   8761,   6880,  23894,  37414,  16650,     83,   2827,
3.3,   2570,    258,      0,    422,   2174,   7448,   8766,   6880,  23894,  37414,  16650,     84,   2827,
3.3,   2570,    258,      0,    434,   2174,   7453,   8767,   6880,  23894,  37414,  16650,     85,   2827,
3.3,   2570,    258,      0,    422,   2170,   7449,   8774,   6880,  23894,  37414,  16650,     86,   2827,
3.3,   2570,    258,      0,    434,   2165,   7452,   8780,   6880,  23894,  37414,  16650,     87,   2827,
3.3,   2570,    258,      0,    434,   2165,   7454,   8780,   6880,  23894,  37414,  16650,     88,   2827,
3.3,   2570,    258,      0,    444,   2165,   7456,   8783,   6880,  23894,  37414,  16650,     89,   2827,
3.3,   2570,    258,      0,    434,   2165,   7454,   8783,   6880,  23894,  37414,  16650,     90,   2827,
3.3,   2570,    258,      0,    444,   2164,   7457,   8785,   6880,  23894,  37414,  16650,     91,   2827,
3.3,   2570,    258,      0,    444,   2160,   7457,   8794,   6880,  23894,  37414,  16650,     92,   2827,
3.3,   2570,    258,      0,    454,   2160,   7460,   8793,   6880,  23894,  37414,  16650,     93,   2827,
3.3,   2570,    258,      0,    444,   2158,   7459,   8798,   6880,  23894,  37414,  16650,     94,   2827,
3.3,   2570,    258,      0,    465,   2158,   7464,   8799,   6880,  23894,  37414,  16650,     95,   2827,
3.3,   2570,    258,      0,    454,   2155,   7460,   8802,   6880,  23894,  37414,  16650,     96,   2827,
3.3,   2570,    258,      0,    454,   2154,   7460,   8807,   6880,  23894,  37414,  16650,     97,   2827,
3.3,   2570,    258,      0,    465,   2154,   7464,   8807,   6880,  23894,  37414,  16650,     98,   2827,
3.3,   2570,    258,      0,    465,   2150,   7465,   8812,   6880,  23894,  37414,  16650,     99,   2827,
3.3,   2570,    258,      0,    465,   2147,   7466,   8817,   6880,  23894,  37414,  16650,    100,   2827,
3.3,   2570,    258,      0,    465,   2145,   7464,   8820,   6880,  23894,  37414,  16650,    101,   2827,
3.3,   2570,    258,      0,    465,   2145,   7467,   8823,   6880,  23894,  37414,  16650,    102,   2827,
3.3,   2570,    258,      0,    465,   2145,   7466,   8822,   6880,  23894,  37414,  16650,    103,   2827,
3.3,   2570,    258,      0,    475,   2143,   7468,   8827,   6880,  23894,  37414,  16650,    104,   2827,
3.3,   2570,    258,      0,    475,   2141,   7468,   8829,   6880,  23894,  37414,  16650,    105,   2827,
73.3,   2570,    258,      0,   1947,   2245,   8070,   8629,   2784,  19798,  37478,  16650,      1,   2827,
73.3,   2570,    258,      0,   5869,   2298,   9995,   8525,   2784,  19798,  37478,  16650,     54,   2827,
73.3,   2570,    258,      0,   5826,   2301,   9971,   8522,   2784,  19798,  37478,  16650,     55,   2827,
73.3,   2570,    258,      0,   5784,   2305,   9944,   8513,   2784,  19798,  37478,  16650,     56,   2827,
73.3,   2570,    258,      0,   5742,   2307,   9923,   8510,   2784,  19798,  37478,  16650,     57,   2827,
73.3,   2570,    258,      0,   5720,   2311,   9911,   8502,   2784,  19798,  37478,  16650,     58,   2827,
73.3,   2570,    258,      0,   5713,   2315,   9906,   8495,   2784,  19798,  37478,  16650,     59,   2827,
73.3,   2570,    258,      0,   5700,   2317,   9896,   8488,   2784,  19798,  37478,  16650,     60,   2827,
73.3,   2570,    258,      0,   5728,   2322,   9915,   8481,   2784,  19798,  37478,  16650,     61,   2827,
73.3,   2570,    258,      0,   5728,   2325,   9915,   8472,   2784,  19798,  37478,  16650,     62,   2827,
73.3,   2570,    258,      0,   5749,   2330,   9927,   8467,   2784,  19798,  37478,  16650,     63,   2827,
73.3,   2570,    258,      0,   5720,   2336,   9909,   8454,   2784,  19798,  37478,  16650,     64,   2827,
73.3,   2570,    258,      0,   5706,   2338,   9902,   8449,   2784,  19798,  37478,  16650,     65,   2827,
73.3,   2570,    258,      0,   5706,   2344,   9903,   8437,   2784,  19798,  37478,  16650,     66,   2827,
73.3,   2570,    258,      0,   5700,   2347,   9898,   8432,   2784,  19798,  37478,  16650,     67,   2827,
73.3,   2570,    258,      0,   5670,   2351,   9882,   8424,   2784,  19798,  37478,  16650,     68,   2827,
73.3,   2570,    258,      0,   5664,   2356,   9878,   8417,   2784,  19798,  37478,  16650,     69,   2827,
73.3,   2570,    258,      0,   5656,   2361,   9875,   8406,   2784,  19798,  37478,  16650,     70,   2827,
73.3,   2570,    258,      0,   5692,   2366,   9892,   8398,   2784,  19798,  37478,  16650,     71,   2827,
73.3,   2570,    258,      0,   5706,   2369,   9901,   8390,   2784,  19798,  37478,  16650,     72,   2827,
73.3,   2570,    258,      0,   5670,   2377,   9882,   8379,   2784,  19798,  37478,  16650,     73,   2827,
73.3,   2570,    258,      0,   5670,   2378,   9880,   8372,   2784,  19798,  37478,  16650,     74,   2827,
73.3,   2570,    258,      0,   5677,   2384,   9885,   8362,   2784,  19798,  37478,  16650,     75,   2827,
73.3,   2570,    258,      0,   5642,   2388,   9865,   8355,   2784,  19798,  37478,  16650,     76,   2827,
73.3,   2570,    258,      0,   5598,   2388,   9842,   8352,   2784,  19798,  37478,  16650,     77,   2827,
73.3,   2570,    258,      0,   5642,   2393,   9865,   8344,   2784,  19798,  37478,  16650,     78,   2827,
73.3,   2570,    258,      0,   5692,   2402,   9892,   8331,   2784,  19798,  37478,  16650,     79,   2827,
35.8,   2570,    258,      0,   1919,   2285,   8056,   8555,   6752,  23894,  37414,  16714,      1,   2827,
35.8,   2570,    258,      0,   2717,   2293,   8407,   8539,   6752,  23894,  37414,  16714,     18,   2827,
35.8,   2570,    258,      0,   2725,   2293,   8410,   8537,   6752,  23894,  37414,  16714,     19,   2827,
35.8,   2570,    258,      0,   2717,   2293,   8407,   8537,   6752,  23894,  37414,  16714,     20,   2827,
35.8,   2570,    258,      0,   2725,   2295,   8408,   8534,   6752,  23894,  37414,  16714,     21,   2827,
35.8,   2570,    258,      0,   2735,   2295,   8413,   8533,   6752,  23894,  37414,  16714,     22,   2827,
35.8,   2570,    258,      0,   2725,   2293,   8409,   8536,   6752,  23894,  37414,  16714,     23,   2827,
35.8,   2570,    258,      0,   2725,   2298,   8410,   8526,   6752,  23894,  37414,  16714,     24,   2827,
35.8,   2570,    258,      0,   2735,   2298,   8412,   8526,   6752,  23894,  37414,  16714,     25,   2827,
35.8,   2570,    258,      0,   2725,   2298,   8410,   8526,   6752,  23894,  37414,  16714,     26,   2827,
35.8,   2570,    258,      0,   2735,   2298,   8412,   8525,   6752,  23894,  37414,  16714,     27,   2827,
35.8,   2570,    258,      0,   2735,   2301,   8414,   8523,   6752,  23894,  37414,  16714,     28,   2827,
35.8,   2570,    258,      0,   2717,   2301,   8407,   8522,   6752,  23894,  37414,  16714,     29,   2827,
35.8,   2570,    258,      0,   2725,   2301,   8411,   8521,   6752,  23894,  37414,  16714,     30,   2827,
35.8,   2570,    258,      0,   2725,   2304,   8408,   8518,   6752,  23894,  37414,  16714,     31,   2827,
35.8,   2570,    258,      0,   2707,   2304,   8401,   8518,   6752,  23894,  37414,  16714,     32,   2827,
35.8,   2570,    258,      0,   2707,   2305,   8400,   8512,   6752,  23894,  37414,  16714,     33,   2827,
35.8,   2570,    258,      0,   2707,   2305,   8402,   8514,   6752,  23894,  37414,  16714,     34,   2827,
35.8,   2570,    258,      0,   2707,   2307,   8401,   8511,   6752,  23894,  37414,  16714,     35,   2827,
35.8,   2570,    258,      0,   2698,   2308,   8397,   8507,   6752,  23894,  37414,  16714,     36,   2827,
35.8,   2570,    258,      0,   2717,   2307,   8406,   8510,   6752,  23894,  37414,  16714,     37,   2827,
35.8,   2570,    258,      0,   2717,   2311,   8404,   8503,   6752,  23894,  37414,  16714,     38,   2827,
35.8,   2570,    258,      0,   2707,   2311,   8401,   8503,   6752,  23894,  37414,  16714,     39,   2827,
35.8,   2570,    258,      0,   2707,   2311,   8402,   8502,   6752,  23894,  37414,  16714,     40,   2827,
35.8,   2570,    258,      0,   2707,   2311,   8403,   8501,   6752,  23894,  37414,  16714,     41,   2827,
35.8,   2570,    258,      0,   2707,   2314,   8402,   8497,   6752,  23894,  37414,  16714,     42,   2827,
35.8,   2570,    258,      0,   2717,   2315,   8404,   8493,   6752,  23894,  37414,  16714,     43,   2827,
