71.3,   2570,    258,      0,   4070,   2293,   9040,   8537,  20544,  29465,  64022,  17355,      1,   2827,
71.3,   2570,    258,      0,   7093,   2315,  10729,   8493,  20544,  29465,  64022,  17355,     10,   2827,
71.3,   2570,    258,      0,   7067,   2317,  10713,   8490,  20544,  29465,  64022,  17355,     11,   2827,
71.3,   2570,    258,      0,   7054,   2320,  10705,   8484,  20544,  29465,  64022,  17355,     12,   2827,
71.3,   2570,    258,      0,   7054,   2324,  10706,   8477,  20544,  29465,  64022,  17355,     13,   2827,
71.3,   2570,    258,      0,   7036,   2325,  10693,   8472,  20544,  29465,  64022,  17355,     14,   2827,
71.3,   2570,    258,      0,   7030,   2330,  10690,   8466,  20544,  29465,  64022,  17355,     15,   2827,
71.3,   2570,    258,      0,   7030,   2332,  10690,   8460,  20544,  29465,  64022,  17355,     16,   2827,
71.3,   2570,    258,      0,   7054,   2336,  10705,   8452,  20544,  29465,  64022,  17355,     17,   2827,
71.3,   2570,    258,      0,   7054,   2343,  10704,   8441,  20544,  29465,  64022,  17355,     18,   2827,
71.3,   2570,    258,      0,   7054,   2344,  10704,   8439,  20544,  29465,  64022,  17355,     19,   2827,
71.3,   2570,    258,      0,   7049,   2349,  10702,   8428,  20544,  29465,  64022,  17355,     20,   2827,
71.3,   2570,    258,      0,   7043,   2352,  10696,   8421,  20544,  29465,  64022,  17355,     21,   2827,
71.3,   2570,    258,      0,   7030,   2357,  10689,   8414,  20544,  29465,  64022,  17355,     22,   2827,
71.3,   2570,    258,      0,   7011,   2361,  10679,   8404,  20544,  29465,  64022,  17355,     23,   2827,
71.3,   2570,    258,      0,   7017,   2363,  10682,   8401,  20544,  29465,  64022,  17355,     24,   2827,
71.3,   2570,    258,      0,   7011,   2369,  10679,   8390,  20544,  29465,  64022,  17355,     25,   2827,
71.3,   2570,    258,      0,   7011,   2374,  10676,   8382,  20544,  29465,  64022,  17355,     26,   2827,
71.3,   2570,    258,      0,   6992,   2377,  10665,   8376,  20544,  29465,  64022,  17355,     27,   2827,
71.3,   2570,    258,      0,   6979,   2379,  10658,   8368,  20544,  29465,  64022,  17355,     28,   2827,
71.3,   2570,    258,      0,   6960,   2384,  10646,   8360,  20544,  29465,  64022,  17355,     29,   2827,
71.3,   2570,    258,      0,   6954,   2387,  10641,   8356,  20544,  29465,  64022,  17355,     30,   2827,
71.3,   2570,    258,      0,   6947,   2393,  10638,   8344,  20544,  29465,  64022,  17355,     31,   2827,
71.3,   2570,    258,      0,   6940,   2397,  10633,   8339,  20544,  29465,  64022,  17355,     32,   2827,
71.3,   2570,    258,      0,   6954,   2398,  10641,   8335,  20544,  29465,  64022,  17355,     33,   2827,
71.3,   2570,    258,      0,   6954,   2403,  10643,   8324,  20544,  29465,  64022,  17355,     34,   2827,
71.3,   2570,    258,      0,   6947,   2407,  10639,   8317,  20544,  29465,  64022,  17355,     35,   2827,
