3.6,   2570,    258,      0,   3302,   2198,   8674,   8722,  20050,  23052,  62273,  11334,      4,   2827,
3.6,   2570,    258,      0,   2272,   2191,   8211,   8734,  20050,  23052,  62273,  11334,     34,   2827,
3.6,   2570,    258,      0,   2281,   2189,   8214,   8738,  20050,  23052,  62273,  11334,     35,   2827,
3.6,   2570,    258,      0,   2281,   2185,   8213,   8744,  20050,  23052,  62273,  11334,     36,   2827,
3.6,   2570,    258,      0,   2272,   2183,   8210,   8751,  20050,  23052,  62273,  11334,     37,   2827,
3.6,   2570,    258,      0,   2291,   2181,   8216,   8753,  20050,  23052,  62273,  11334,     38,   2827,
3.6,   2570,    258,      0,   2281,   2183,   8214,   8750,  20050,  23052,  62273,  11334,     39,   2827,
3.6,   2570,    258,      0,   2281,   2179,   8212,   8757,  20050,  23052,  62273,  11334,     40,   2827,
3.6,   2570,    258,      0,   2281,   2177,   8214,   8760,  20050,  23052,  62273,  11334,     41,   2827,
3.6,   2570,    258,      0,   2300,   2174,   8220,   8766,  20050,  23052,  62273,  11334,     42,   2827,
3.6,   2570,    258,      0,   2291,   2172,   8216,   8769,  20050,  23052,  62273,  11334,     43,   2827,
3.6,   2570,    258,      0,   2291,   2170,   8218,   8774,  20050,  23052,  62273,  11334,     44,   2827,
3.6,   2570,    258,      0,   2300,   2168,   8220,   8777,  20050,  23052,  62273,  11334,     45,   2827,
3.6,   2570,    258,      0,   2300,   2168,   8221,   8779,  20050,  23052,  62273,  11334,     46,   2827,
3.6,   2570,    258,      0,   2300,   2165,   8220,   8783,  20050,  23052,  62273,  11334,     47,   2827,
3.6,   2570,    258,      0,   2300,   2162,   8222,   8788,  20050,  23052,  62273,  11334,     48,   2827,
3.6,   2570,    258,      0,   2309,   2160,   8227,   8794,  20050,  23052,  62273,  11334,     49,   2827,
3.6,   2570,    258,      0,   2300,   2160,   8222,   8795,  20050,  23052,  62273,  11334,     50,   2827,
3.6,   2570,    258,      0,   2309,   2155,   8225,   8800,  20050,  23052,  62273,  11334,     51,   2827,
3.6,   2570,    258,      0,   2319,   2152,   8228,   8808,  20050,  23052,  62273,  11334,     52,   2827,
3.6,   2570,    258,      0,   2319,   2155,   8228,   8803,  20050,  23052,  62273,  11334,     53,   2827,
3.6,   2570,    258,      0,   2309,   2152,   8225,   8808,  20050,  23052,  62273,  11334,     54,   2827,
3.6,   2570,    258,      0,   2319,   2147,   8229,   8816,  20050,  23052,  62273,  11334,     55,   2827,
3.6,   2570,    258,      0,   2319,   2147,   8229,   8816,  20050,  23052,  62273,  11334,     56,   2827,
3.6,   2570,    258,      0,   2319,   2147,   8229,   8818,  20050,  23052,  62273,  11334,     57,   2827,
3.6,   2570,    258,      0,   2319,   2143,   8231,   8826,  20050,  23052,  62273,  11334,     58,   2827,
3.6,   2570,    258,      0,   2328,   2143,   8232,   8827,  20050,  23052,  62273,  11334,     59,   2827,
72.9,   2570,    258,      0,   3507,   2334,   8771,   8459,  36434,  22540,  62273,  11334,      1,   2827,
72.9,   2570,    258,      0,   6889,   2397,  10602,   8337,  36434,  22540,  62273,  11334,     27,   2827,
72.9,   2570,    258,      0,   6857,   2402,  10583,   8329,  36434,  22540,  62273,  11334,     28,   2827,
72.9,   2570,    258,      0,   6838,   2403,  10569,   8325,  36434,  22540,  62273,  11334,     29,   2827,
72.9,   2570,    258,      0,   6813,   2403,  10552,   8326,  36434,  22540,  62273,  11334,     30,   2827,
72.9,   2570,    258,      0,   6799,   2407,  10547,   8316,  36434,  22540,  62273,  11334,     31,   2827,
72.9,   2570,    258,      0,   6806,   2409,  10551,   8312,  36434,  22540,  62273,  11334,     32,   2827,
72.9,   2570,    258,      0,   6806,   2413,  10550,   8304,  36434,  22540,  62273,  11334,     33,   2827,
72.9,   2570,    258,      0,   6787,   2417,  10537,   8298,  36434,  22540,  62273,  11334,     34,   2827,
72.9,   2570,    258,      0,   6773,   2417,  10530,   8296,  36434,  22540,  62273,  11334,     35,   2827,
72.9,   2570,    258,      0,   6787,   2422,  10537,   8289,  36434,  22540,  62273,  11334,     36,   2827,
72.9,   2570,    258,      0,   6799,   2429,  10546,   8279,  36434,  22540,  62273,  11334,     37,   2827,
72.9,   2570,    258,      0,   6787,   2430,  10538,   8274,  36434,  22540,  62273,  11334,     38,   2827,
72.9,   2570,    258,      0,   6792,   2433,  10541,   8268,  36434,  22540,  62273,  11334,     39,   2827,
72.9,   2570,    258,      0,   6767,   2437,  10527,   8263,  36434,  22540,  62273,  11334,     40,   2827,
72.9,   2570,    258,      0,   6747,   2441,  10514,   8255,  36434,  22540,  62273,  11334,     41,   2827,
72.9,   2570,    258,      0,   6728,   2442,  10502,   8249,  36434,  22540,  62273,  11334,     42,   2827,
72.9,   2570,    258,      0,   6721,   2445,  10496,   8245,  36434,  22540,  62273,  11334,     43,   2827,
72.9,   2570,    258,      0,   6742,   2449,  10511,   8238,  36434,  22540,  62273,  11334,     44,   2827,
72.9,   2570,    258,      0,   6754,   2453,  10518,   8230,  36434,  22540,  62273,  11334,     45,   2827,
72.9,   2570,    258,      0,   6773,   2457,  10531,   8223,  36434,  22540,  62273,  11334,     46,   2827,
72.9,   2570,    258,      0,   6747,   2462,  10514,   8213,  36434,  22540,  62273,  11334,     47,   2827,
72.9,   2570,    258,      0,   6734,   2464,  10504,   8211,  36434,  22540,  62273,  11334,     48,   2827,
72.9,   2570,    258,      0,   6715,   2468,  10495,   8203,  36434,  22540,  62273,  11334,     49,   2827,
72.9,   2570,    258,      0,   6747,   2472,  10512,   8192,  36434,  22540,  62273,  11334,     50,   2827,
72.9,   2570,    258,      0,   6747,   2477,  10513,   8185,  36434,  22540,  62273,  11334,     51,   2827,
72.9,   2570,    258,      0,   6721,   2481,  10496,   8177,  36434,  22540,  62273,  11334,     52,   2827,
