69.4,   2570,    258,      0,   1740,   2320,   7981,   8486,  61040,  45146,  55755,  30054,      1,   2827,
69.4,   2570,    258,      0,   5196,   2351,   9622,   8424,  61040,  45146,  55755,  30054,     12,   2827,
69.4,   2570,    258,      0,   5182,   2352,   9612,   8423,  61040,  45146,  55755,  30054,     13,   2827,
69.4,   2570,    258,      0,   5189,   2357,   9616,   8412,  61040,  45146,  55755,  30054,     14,   2827,
69.4,   2570,    258,      0,   5234,   2359,   9643,   8408,  61040,  45146,  55755,  30054,     15,   2827,
69.4,   2570,    258,      0,   5249,   2363,   9649,   8401,  61040,  45146,  55755,  30054,     16,   2827,
69.4,   2570,    258,      0,   5241,   2368,   9644,   8392,  61040,  45146,  55755,  30054,     17,   2827,
69.4,   2570,    258,      0,   5204,   2372,   9627,   8387,  61040,  45146,  55755,  30054,     18,   2827,
69.4,   2570,    258,      0,   5182,   2372,   9614,   8384,  61040,  45146,  55755,  30054,     19,   2827,
69.4,   2570,    258,      0,   5196,   2378,   9620,   8374,  61040,  45146,  55755,  30054,     20,   2827,
69.4,   2570,    258,      0,   5189,   2379,   9618,   8370,  61040,  45146,  55755,  30054,     21,   2827,
69.4,   2570,    258,      0,   5174,   2383,   9611,   8364,  61040,  45146,  55755,  30054,     22,   2827,
69.4,   2570,    258,      0,   5152,   2387,   9596,   8357,  61040,  45146,  55755,  30054,     23,   2827,
69.4,   2570,    258,      0,   5145,   2390,   9593,   8349,  61040,  45146,  55755,  30054,     24,   2827,
69.4,   2570,    258,      0,   5167,   2395,   9604,   8343,  61040,  45146,  55755,  30054,     25,   2827,
69.4,   2570,    258,      0,   5189,   2395,   9617,   8340,  61040,  45146,  55755,  30054,     26,   2827,
69.4,   2570,    258,      0,   5189,   2402,   9618,   8328,  61040,  45146,  55755,  30054,     27,   2827,
69.4,   2570,    258,      0,   5182,   2407,   9612,   8319,  61040,  45146,  55755,  30054,     28,   2827,
69.4,   2570,    258,      0,   5152,   2409,   9596,   8313,  61040,  45146,  55755,  30054,     29,   2827,
69.4,   2570,    258,      0,   5137,   2413,   9590,   8306,  61040,  45146,  55755,  30054,     30,   2827,
69.4,   2570,    258,      0,   5137,   2417,   9588,   8298,  61040,  45146,  55755,  30054,     31,   2827,
69.4,   2570,    258,      0,   5114,   2422,   9576,   8290,  61040,  45146,  55755,  30054,     32,   2827,
69.4,   2570,    258,      0,   5099,   2426,   9570,   8281,  61040,  45146,  55755,  30054,     33,   2827,
69.4,   2570,    258,      0,   5092,   2429,   9565,   8277,  61040,  45146,  55755,  30054,     34,   2827,
69.4,   2570,    258,      0,   5092,   2430,   9566,   8272,  61040,  45146,  55755,  30054,     35,   2827,
69.4,   2570,    258,      0,   5099,   2437,   9568,   8262,  61040,  45146,  55755,  30054,     36,   2827,
69.4,   2570,    258,      0,   5085,   2439,   9560,   8258,  61040,  45146,  55755,  30054,     37,   2827,
