72.5,   2570,    258,      0,   2770,   2307,   8428,   8510,  52689,  16443,  41860,  11008,      1,   2827,
72.5,   2570,    258,      0,   6596,   2336,  10422,   8454,  52689,  16443,  41860,  11008,     11,   2827,
72.5,   2570,    258,      0,   6557,   2340,  10399,   8447,  52689,  16443,  41860,  11008,     12,   2827,
72.5,   2570,    258,      0,   6537,   2343,  10387,   8441,  52689,  16443,  41860,  11008,     13,   2827,
72.5,   2570,    258,      0,   6544,   2344,  10389,   8438,  52689,  16443,  41860,  11008,     14,   2827,
72.5,   2570,    258,      0,   6531,   2349,  10381,   8429,  52689,  16443,  41860,  11008,     15,   2827,
72.5,   2570,    258,      0,   6518,   2351,  10373,   8424,  52689,  16443,  41860,  11008,     16,   2827,
72.5,   2570,    258,      0,   6518,   2356,  10372,   8418,  52689,  16443,  41860,  11008,     17,   2827,
72.5,   2570,    258,      0,   6518,   2357,  10373,   8412,  52689,  16443,  41860,  11008,     18,   2827,
72.5,   2570,    258,      0,   6537,   2363,  10385,   8403,  52689,  16443,  41860,  11008,     19,   2827,
72.5,   2570,    258,      0,   6524,   2366,  10379,   8399,  52689,  16443,  41860,  11008,     20,   2827,
72.5,   2570,    258,      0,   6504,   2368,  10365,   8393,  52689,  16443,  41860,  11008,     21,   2827,
72.5,   2570,    258,      0,   6472,   2372,  10346,   8386,  52689,  16443,  41860,  11008,     22,   2827,
72.5,   2570,    258,      0,   6484,   2374,  10353,   8382,  52689,  16443,  41860,  11008,     23,   2827,
72.5,   2570,    258,      0,   6464,   2378,  10343,   8374,  52689,  16443,  41860,  11008,     24,   2827,
72.5,   2570,    258,      0,   6451,   2383,  10332,   8366,  52689,  16443,  41860,  11008,     25,   2827,
72.5,   2570,    258,      0,   6458,   2384,  10338,   8362,  52689,  16443,  41860,  11008,     26,   2827,
72.5,   2570,    258,      0,   6458,   2388,  10336,   8353,  52689,  16443,  41860,  11008,     27,   2827,
72.5,   2570,    258,      0,   6464,   2390,  10343,   8348,  52689,  16443,  41860,  11008,     28,   2827,
72.5,   2570,    258,      0,   6464,   2395,  10341,   8342,  52689,  16443,  41860,  11008,     29,   2827,
72.5,   2570,    258,      0,   6451,   2398,  10334,   8333,  52689,  16443,  41860,  11008,     30,   2827,
72.5,   2570,    258,      0,   6478,   2403,  10351,   8327,  52689,  16443,  41860,  11008,     31,   2827,
72.5,   2570,    258,      0,   6458,   2407,  10338,   8318,  52689,  16443,  41860,  11008,     32,   2827,
72.5,   2570,    258,      0,   6438,   2409,  10325,   8312,  52689,  16443,  41860,  11008,     33,   2827,
72.5,   2570,    258,      0,   6424,   2416,  10317,   8302,  52689,  16443,  41860,  11008,     34,   2827,
72.5,   2570,    258,      0,   6458,   2420,  10338,   8292,  52689,  16443,  41860,  11008,     35,   2827,
72.5,   2570,    258,      0,   6424,   2424,  10317,   8287,  52689,  16443,  41860,  11008,     36,   2827,
2.9,   2570,    258,      0,   2627,   2224,   8367,   8670,  52692,     57,   9092,  11008,      1,   2827,
2.9,   2570,    258,      0,   1306,   2214,   7800,   8690,  52692,     57,   9092,  11008,     10,   2827,
2.9,   2570,    258,      0,   1296,   2210,   7799,   8698,  52692,     57,   9092,  11008,     11,   2827,
2.9,   2570,    258,      0,   1306,   2208,   7800,   8700,  52692,     57,   9092,  11008,     12,   2827,
2.9,   2570,    258,      0,   1306,   2208,   7800,   8702,  52692,     57,   9092,  11008,     13,   2827,
2.9,   2570,    258,      0,   1315,   2204,   7806,   8710,  52692,     57,   9092,  11008,     14,   2827,
2.9,   2570,    258,      0,   1306,   2201,   7803,   8712,  52692,     57,   9092,  11008,     15,   2827,
2.9,   2570,    258,      0,   1325,   2199,   7808,   8717,  52692,     57,   9092,  11008,     16,   2827,
2.9,   2570,    258,      0,   1315,   2198,   7807,   8722,  52692,     57,   9092,  11008,     17,   2827,
2.9,   2570,    258,      0,   1315,   2196,   7806,   8724,  52692,     57,   9092,  11008,     18,   2827,
2.9,   2570,    258,      0,   1315,   2196,   7804,   8725,  52692,     57,   9092,  11008,     19,   2827,
2.9,   2570,    258,      0,   1325,   2193,   7808,   8728,  52692,     57,   9092,  11008,     20,   2827,
2.9,   2570,    258,      0,   1325,   2191,   7808,   8734,  52692,     57,   9092,  11008,     21,   2827,
2.9,   2570,    258,      0,   1325,   2189,   7810,   8739,  52692,     57,   9092,  11008,     22,   2827,
2.9,   2570,    258,      0,   1325,   2187,   7810,   8743,  52692,     57,   9092,  11008,     23,   2827,
2.9,   2570,    258,      0,   1335,   2185,   7813,   8746,  52692,     57,   9092,  11008,     24,   2827,
2.9,   2570,    258,      0,   1325,   2183,   7811,   8748,  52692,     57,   9092,  11008,     25,   2827,
2.9,   2570,    258,      0,   1325,   2181,   7811,   8755,  52692,     57,   9092,  11008,     26,   2827,
2.9,   2570,    258,      0,   1335,   2179,   7814,   8758,  52692,     57,   9092,  11008,     27,   2827,
2.9,   2570,    258,      0,   1354,   2179,   7821,   8758,  52692,     57,   9092,  11008,     28,   2827,
2.9,   2570,    258,      0,   1344,   2172,   7817,   8768,  52692,     57,   9092,  11008,     29,   2827,
2.9,   2570,    258,      0,   1354,   2172,   7820,   8769,  52692,     57,   9092,  11008,     30,   2827,
2.9,   2570,    258,      0,   1344,   2172,   7819,   8770,  52692,     57,   9092,  11008,     31,   2827,
2.9,   2570,    258,      0,   1354,   2168,   7823,   8776,  52692,     57,   9092,  11008,     32,   2827,
2.9,   2570,    258,      0,   1354,   2168,   7823,   8778,  52692,     57,   9092,  11008,     33,   2827,
2.9,   2570,    258,      0,   1364,   2164,   7824,   8784,  52692,     57,   9092,  11008,     34,   2827,
2.9,   2570,    258,      0,   1364,   2162,   7825,   8791,  52692,     57,   9092,  11008,     35,   2827,
37.6,   2570,    258,      0,   2841,   2278,   8461,   8564,  52689,  16441,   9092,  11008,      1,   2827,
37.6,   2570,    258,      0,   3808,   2288,   8914,   8546,  52689,  16441,   9092,  11008,     12,   2827,
37.6,   2570,    258,      0,   3792,   2288,   8906,   8547,  52689,  16441,   9092,  11008,     13,   2827,
37.6,   2570,    258,      0,   3792,   2288,   8904,   8546,  52689,  16441,   9092,  11008,     14,   2827,
37.6,   2570,    258,      0,   3783,   2293,   8903,   8539,  52689,  16441,   9092,  11008,     15,   2827,
37.6,   2570,    258,      0,   3792,   2293,   8905,   8539,  52689,  16441,   9092,  11008,     16,   2827,
37.6,   2570,    258,      0,   3783,   2290,   8903,   8540,  52689,  16441,   9092,  11008,     17,   2827,
37.6,   2570,    258,      0,   3792,   2293,   8906,   8539,  52689,  16441,   9092,  11008,     18,   2827,
37.6,   2570,    258,      0,   3792,   2293,   8907,   8537,  52689,  16441,   9092,  11008,     19,   2827,
37.6,   2570,    258,      0,   3792,   2295,   8907,   8533,  52689,  16441,   9092,  11008,     20,   2827,
37.6,   2570,    258,      0,   3800,   2297,   8910,   8531,  52689,  16441,   9092,  11008,     21,   2827,
37.6,   2570,    258,      0,   3792,   2297,   8907,   8529,  52689,  16441,   9092,  11008,     22,   2827,
37.6,   2570,    258,      0,   3783,   2297,   8902,   8529,  52689,  16441,   9092,  11008,     23,   2827,
37.6,   2570,    258,      0,   3783,   2298,   8900,   8525,  52689,  16441,   9092,  11008,     24,   2827,
37.6,   2570,    258,      0,   3775,   2298,   8899,   8525,  52689,  16441,   9092,  11008,     25,   2827,
37.6,   2570,    258,      0,   3767,   2301,   8892,   8520,  52689,  16441,   9092,  11008,     26,   2827,
37.6,   2570,    258,      0,   3767,   2301,   8895,   8521,  52689,  16441,   9092,  11008,     27,   2827,
37.6,   2570,    258,      0,   3775,   2304,   8897,   8517,  52689,  16441,   9092,  11008,     28,   2827,
37.6,   2570,    258,      0,   3783,   2304,   8903,   8516,  52689,  16441,   9092,  11008,     29,   2827,
37.6,   2570,    258,      0,   3792,   2305,   8904,   8512,  52689,  16441,   9092,  11008,     30,   2827,
37.6,   2570,    258,      0,   3792,   2307,   8905,   8509,  52689,  16441,   9092,  11008,     31,   2827,
37.6,   2570,    258,      0,   3800,   2308,   8910,   8505,  52689,  16441,   9092,  11008,     32,   2827,
37.6,   2570,    258,      0,   3800,   2311,   8911,   8501,  52689,  16441,   9092,  11008,     33,   2827,
37.6,   2570,    258,      0,   3792,   2311,   8904,   8501,  52689,  16441,   9092,  11008,     34,   2827,
37.6,   2570,    258,      0,   3775,   2314,   8897,   8497,  52689,  16441,   9092,  11008,     35,   2827,
37.6,   2570,    258,      0,   3767,   2314,   8895,   8499,  52689,  16441,   9092,  11008,     36,   2827,
37.6,   2570,    258,      0,   3758,   2315,   8889,   8494,  52689,  16441,   9092,  11008,     37,   2827,
