3,   2570,    258,      0,   3388,   2160,   8713,   8792,  34182,  18452,  40438,  13048,      1,   2827,
3,   2570,    258,      0,   2427,   2152,   8276,   8809,  34182,  18452,  40438,  13048,      9,   2827,
3,   2570,    258,      0,   2427,   2147,   8278,   8816,  34182,  18452,  40438,  13048,     10,   2827,
3,   2570,    258,      0,   2427,   2145,   8277,   8821,  34182,  18452,  40438,  13048,     11,   2827,
3,   2570,    258,      0,   2419,   2145,   8275,   8823,  34182,  18452,  40438,  13048,     12,   2827,
3,   2570,    258,      0,   2427,   2141,   8277,   8829,  34182,  18452,  40438,  13048,     13,   2827,
3,   2570,    258,      0,   2437,   2141,   8281,   8831,  34182,  18452,  40438,  13048,     14,   2827,
3,   2570,    258,      0,   2427,   2136,   8278,   8838,  34182,  18452,  40438,  13048,     15,   2827,
3,   2570,    258,      0,   2427,   2135,   8278,   8842,  34182,  18452,  40438,  13048,     16,   2827,
3,   2570,    258,      0,   2437,   2133,   8282,   8844,  34182,  18452,  40438,  13048,     17,   2827,
3,   2570,    258,      0,   2437,   2133,   8281,   8845,  34182,  18452,  40438,  13048,     18,   2827,
3,   2570,    258,      0,   2446,   2131,   8284,   8850,  34182,  18452,  40438,  13048,     19,   2827,
3,   2570,    258,      0,   2446,   2131,   8284,   8851,  34182,  18452,  40438,  13048,     20,   2827,
3,   2570,    258,      0,   2437,   2128,   8282,   8855,  34182,  18452,  40438,  13048,     21,   2827,
3,   2570,    258,      0,   2437,   2126,   8283,   8857,  34182,  18452,  40438,  13048,     22,   2827,
3,   2570,    258,      0,   2446,   2124,   8284,   8863,  34182,  18452,  40438,  13048,     23,   2827,
3,   2570,    258,      0,   2446,   2123,   8285,   8866,  34182,  18452,  40438,  13048,     24,   2827,
3,   2570,    258,      0,   2446,   2120,   8285,   8870,  34182,  18452,  40438,  13048,     25,   2827,
3,   2570,    258,      0,   2437,   2120,   8283,   8870,  34182,  18452,  40438,  13048,     26,   2827,
3,   2570,    258,      0,   2446,   2116,   8286,   8876,  34182,  18452,  40438,  13048,     27,   2827,
3,   2570,    258,      0,   2446,   2114,   8287,   8881,  34182,  18452,  40438,  13048,     28,   2827,
3,   2570,    258,      0,   2454,   2114,   8288,   8880,  34182,  18452,  40438,  13048,     29,   2827,
3,   2570,    258,      0,   2454,   2111,   8288,   8885,  34182,  18452,  40438,  13048,     30,   2827,
3,   2570,    258,      0,   2446,   2111,   8285,   8887,  34182,  18452,  40438,  13048,     31,   2827,
3,   2570,    258,      0,   2454,   2106,   8291,   8897,  34182,  18452,  40438,  13048,     32,   2827,
3,   2570,    258,      0,   2454,   2106,   8290,   8899,  34182,  18452,  40438,  13048,     33,   2827,
3,   2570,    258,      0,   2454,   2104,   8290,   8900,  34182,  18452,  40438,  13048,     34,   2827,
35.7,   2570,    258,      0,   3658,   2295,   8842,   8533,  34182,  22548,  40436,  28920,      1,   2827,
35.7,   2570,    258,      0,   4352,   2332,   9181,   8463,  34182,  22548,  40436,  28920,     69,   2827,
35.7,   2570,    258,      0,   4352,   2332,   9182,   8460,  34182,  22548,  40436,  28920,     70,   2827,
35.7,   2570,    258,      0,   4344,   2332,   9176,   8461,  34182,  22548,  40436,  28920,     71,   2827,
35.7,   2570,    258,      0,   4344,   2334,   9178,   8458,  34182,  22548,  40436,  28920,     72,   2827,
35.7,   2570,    258,      0,   4344,   2334,   9178,   8456,  34182,  22548,  40436,  28920,     73,   2827,
35.7,   2570,    258,      0,   4335,   2338,   9175,   8450,  34182,  22548,  40436,  28920,     74,   2827,
35.7,   2570,    258,      0,   4344,   2338,   9177,   8450,  34182,  22548,  40436,  28920,     75,   2827,
35.7,   2570,    258,      0,   4344,   2338,   9176,   8450,  34182,  22548,  40436,  28920,     76,   2827,
35.7,   2570,    258,      0,   4352,   2338,   9181,   8448,  34182,  22548,  40436,  28920,     77,   2827,
35.7,   2570,    258,      0,   4359,   2340,   9186,   8446,  34182,  22548,  40436,  28920,     78,   2827,
35.7,   2570,    258,      0,   4359,   2343,   9187,   8443,  34182,  22548,  40436,  28920,     79,   2827,
35.7,   2570,    258,      0,   4359,   2343,   9185,   8442,  34182,  22548,  40436,  28920,     80,   2827,
35.7,   2570,    258,      0,   4359,   2343,   9184,   8441,  34182,  22548,  40436,  28920,     81,   2827,
35.7,   2570,    258,      0,   4335,   2344,   9175,   8439,  34182,  22548,  40436,  28920,     82,   2827,
35.7,   2570,    258,      0,   4328,   2347,   9171,   8435,  34182,  22548,  40436,  28920,     83,   2827,
35.7,   2570,    258,      0,   4335,   2347,   9175,   8433,  34182,  22548,  40436,  28920,     84,   2827,
35.7,   2570,    258,      0,   4335,   2347,   9174,   8433,  34182,  22548,  40436,  28920,     85,   2827,
35.7,   2570,    258,      0,   4344,   2349,   9176,   8429,  34182,  22548,  40436,  28920,     86,   2827,
35.7,   2570,    258,      0,   4335,   2349,   9172,   8429,  34182,  22548,  40436,  28920,     87,   2827,
35.7,   2570,    258,      0,   4328,   2352,   9171,   8422,  34182,  22548,  40436,  28920,     88,   2827,
35.7,   2570,    258,      0,   4335,   2352,   9174,   8422,  34182,  22548,  40436,  28920,     89,   2827,
35.7,   2570,    258,      0,   4328,   2352,   9170,   8421,  34182,  22548,  40436,  28920,     90,   2827,
35.7,   2570,    258,      0,   4319,   2357,   9167,   8413,  34182,  22548,  40436,  28920,     91,   2827,
35.7,   2570,    258,      0,   4319,   2356,   9167,   8417,  34182,  22548,  40436,  28920,     92,   2827,
35.7,   2570,    258,      0,   4319,   2357,   9165,   8413,  34182,  22548,  40436,  28920,     93,   2827,
35.7,   2570,    258,      0,   4319,   2357,   9166,   8414,  34182,  22548,  40436,  28920,     94,   2827,
70.9,   2570,    258,      0,   3725,   2276,   8875,   8569,  34246,  26676,  40438,  28920,      1,   2827,
70.9,   2570,    258,      0,   6857,   2304,  10581,   8516,  34246,  26676,  40438,  28920,     14,   2827,
70.9,   2570,    258,      0,   6838,   2307,  10570,   8510,  34246,  26676,  40438,  28920,     15,   2827,
70.9,   2570,    258,      0,   6844,   2307,  10575,   8508,  34246,  26676,  40438,  28920,     16,   2827,
70.9,   2570,    258,      0,   6871,   2311,  10588,   8500,  34246,  26676,  40438,  28920,     17,   2827,
70.9,   2570,    258,      0,   6863,   2315,  10586,   8494,  34246,  26676,  40438,  28920,     18,   2827,
70.9,   2570,    258,      0,   6844,   2317,  10574,   8490,  34246,  26676,  40438,  28920,     19,   2827,
70.9,   2570,    258,      0,   6851,   2322,  10578,   8483,  34246,  26676,  40438,  28920,     20,   2827,
70.9,   2570,    258,      0,   6832,   2324,  10564,   8478,  34246,  26676,  40438,  28920,     21,   2827,
70.9,   2570,    258,      0,   6818,   2329,  10556,   8471,  34246,  26676,  40438,  28920,     22,   2827,
70.9,   2570,    258,      0,   6832,   2332,  10567,   8462,  34246,  26676,  40438,  28920,     23,   2827,
70.9,   2570,    258,      0,   6851,   2334,  10576,   8457,  34246,  26676,  40438,  28920,     24,   2827,
70.9,   2570,    258,      0,   6863,   2338,  10585,   8449,  34246,  26676,  40438,  28920,     25,   2827,
70.9,   2570,    258,      0,   6838,   2340,  10568,   8444,  34246,  26676,  40438,  28920,     26,   2827,
70.9,   2570,    258,      0,   6813,   2347,  10552,   8433,  34246,  26676,  40438,  28920,     27,   2827,
70.9,   2570,    258,      0,   6780,   2347,  10533,   8432,  34246,  26676,  40438,  28920,     28,   2827,
70.9,   2570,    258,      0,   6767,   2352,  10527,   8422,  34246,  26676,  40438,  28920,     29,   2827,
70.9,   2570,    258,      0,   6767,   2357,  10525,   8415,  34246,  26676,  40438,  28920,     30,   2827,
70.9,   2570,    258,      0,   6773,   2359,  10530,   8410,  34246,  26676,  40438,  28920,     31,   2827,
70.9,   2570,    258,      0,   6780,   2363,  10535,   8402,  34246,  26676,  40438,  28920,     32,   2827,
70.9,   2570,    258,      0,   6767,   2369,  10525,   8391,  34246,  26676,  40438,  28920,     33,   2827,
70.9,   2570,    258,      0,   6754,   2369,  10518,   8389,  34246,  26676,  40438,  28920,     34,   2827,
70.9,   2570,    258,      0,   6747,   2377,  10514,   8379,  34246,  26676,  40438,  28920,     35,   2827,
70.9,   2570,    258,      0,   6761,   2377,  10521,   8376,  34246,  26676,  40438,  28920,     36,   2827,
70.9,   2570,    258,      0,   6767,   2383,  10526,   8364,  34246,  26676,  40438,  28920,     37,   2827,
70.9,   2570,    258,      0,   6761,   2387,  10523,   8359,  34246,  26676,  40438,  28920,     38,   2827,
70.9,   2570,    258,      0,   6761,   2390,  10521,   8351,  34246,  26676,  40438,  28920,     39,   2827,
