69.6,   2570,    258,      0,   2328,   2388,   8234,   8352,   4254,   8594,  10516,  47362,      1,   2827,
69.6,   2570,    258,      0,   5812,   2403,   9962,   8324,   4254,   8594,  10516,  47362,     20,   2827,
69.6,   2570,    258,      0,   5805,   2405,   9958,   8322,   4254,   8594,  10516,  47362,     21,   2827,
69.6,   2570,    258,      0,   5826,   2409,   9968,   8313,   4254,   8594,  10516,  47362,     22,   2827,
69.6,   2570,    258,      0,   5833,   2413,   9973,   8307,   4254,   8594,  10516,  47362,     23,   2827,
69.6,   2570,    258,      0,   5805,   2413,   9959,   8305,   4254,   8594,  10516,  47362,     24,   2827,
69.6,   2570,    258,      0,   5798,   2416,   9953,   8301,   4254,   8594,  10516,  47362,     25,   2827,
69.6,   2570,    258,      0,   5784,   2417,   9944,   8296,   4254,   8594,  10516,  47362,     26,   2827,
69.6,   2570,    258,      0,   5784,   2422,   9947,   8290,   4254,   8594,  10516,  47362,     27,   2827,
69.6,   2570,    258,      0,   5770,   2424,   9937,   8285,   4254,   8594,  10516,  47362,     28,   2827,
69.6,   2570,    258,      0,   5770,   2426,   9936,   8281,   4254,   8594,  10516,  47362,     29,   2827,
69.6,   2570,    258,      0,   5770,   2430,   9936,   8275,   4254,   8594,  10516,  47362,     30,   2827,
69.6,   2570,    258,      0,   5763,   2430,   9934,   8272,   4254,   8594,  10516,  47362,     31,   2827,
69.6,   2570,    258,      0,   5749,   2434,   9925,   8264,   4254,   8594,  10516,  47362,     32,   2827,
69.6,   2570,    258,      0,   5749,   2439,   9926,   8259,   4254,   8594,  10516,  47362,     33,   2827,
69.6,   2570,    258,      0,   5755,   2442,   9930,   8251,   4254,   8594,  10516,  47362,     34,   2827,
69.6,   2570,    258,      0,   5749,   2445,   9926,   8245,   4254,   8594,  10516,  47362,     35,   2827,
69.6,   2570,    258,      0,   5749,   2449,   9927,   8237,   4254,   8594,  10516,  47362,     36,   2827,
69.6,   2570,    258,      0,   5742,   2452,   9921,   8233,   4254,   8594,  10516,  47362,     37,   2827,
69.6,   2570,    258,      0,   5735,   2453,   9917,   8228,   4254,   8594,  10516,  47362,     38,   2827,
69.6,   2570,    258,      0,   5728,   2457,   9914,   8221,   4254,   8594,  10516,  47362,     39,   2827,
69.6,   2570,    258,      0,   5749,   2462,   9925,   8215,   4254,   8594,  10516,  47362,     40,   2827,
69.6,   2570,    258,      0,   5770,   2467,   9936,   8206,   4254,   8594,  10516,  47362,     41,   2827,
69.6,   2570,    258,      0,   5777,   2472,   9943,   8195,   4254,   8594,  10516,  47362,     42,   2827,
69.6,   2570,    258,      0,   5770,   2475,   9936,   8191,   4254,   8594,  10516,  47362,     43,   2827,
69.6,   2570,    258,      0,   5755,   2478,   9928,   8181,   4254,   8594,  10516,  47362,     44,   2827,
69.6,   2570,    258,      0,   5713,   2484,   9906,   8175,   4254,   8594,  10516,  47362,     45,   2827,
2.4,   2570,    258,      0,   2464,   2405,   8294,   8322,  21662,   8626,  10516,  47362,      1,   2827,
2.4,   2570,    258,      0,    618,   2393,   7526,   8346,  21662,   8626,  10516,  47362,     12,   2827,
2.4,   2570,    258,      0,    618,   2390,   7525,   8348,  21662,   8626,  10516,  47362,     13,   2827,
2.4,   2570,    258,      0,    618,   2393,   7524,   8347,  21662,   8626,  10516,  47362,     14,   2827,
2.4,   2570,    258,      0,    608,   2388,   7523,   8353,  21662,   8626,  10516,  47362,     15,   2827,
2.4,   2570,    258,      0,    618,   2388,   7524,   8355,  21662,   8626,  10516,  47362,     16,   2827,
2.4,   2570,    258,      0,    618,   2384,   7525,   8361,  21662,   8626,  10516,  47362,     17,   2827,
2.4,   2570,    258,      0,    618,   2383,   7524,   8365,  21662,   8626,  10516,  47362,     18,   2827,
2.4,   2570,    258,      0,    618,   2379,   7527,   8369,  21662,   8626,  10516,  47362,     19,   2827,
2.4,   2570,    258,      0,    628,   2378,   7531,   8373,  21662,   8626,  10516,  47362,     20,   2827,
2.4,   2570,    258,      0,    618,   2377,   7527,   8376,  21662,   8626,  10516,  47362,     21,   2827,
2.4,   2570,    258,      0,    618,   2377,   7527,   8376,  21662,   8626,  10516,  47362,     22,   2827,
2.4,   2570,    258,      0,    618,   2374,   7524,   8383,  21662,   8626,  10516,  47362,     23,   2827,
2.4,   2570,    258,      0,    628,   2369,   7530,   8388,  21662,   8626,  10516,  47362,     24,   2827,
2.4,   2570,    258,      0,    637,   2369,   7534,   8389,  21662,   8626,  10516,  47362,     25,   2827,
2.4,   2570,    258,      0,    628,   2366,   7530,   8398,  21662,   8626,  10516,  47362,     26,   2827,
2.4,   2570,    258,      0,    637,   2363,   7532,   8400,  21662,   8626,  10516,  47362,     27,   2827,
2.4,   2570,    258,      0,    647,   2361,   7536,   8405,  21662,   8626,  10516,  47362,     28,   2827,
2.4,   2570,    258,      0,    647,   2361,   7537,   8407,  21662,   8626,  10516,  47362,     29,   2827,
2.4,   2570,    258,      0,    647,   2361,   7539,   8407,  21662,   8626,  10516,  47362,     30,   2827,
2.4,   2570,    258,      0,    647,   2357,   7537,   8412,  21662,   8626,  10516,  47362,     31,   2827,
2.4,   2570,    258,      0,    647,   2352,   7537,   8421,  21662,   8626,  10516,  47362,     32,   2827,
2.4,   2570,    258,      0,    658,   2352,   7543,   8421,  21662,   8626,  10516,  47362,     33,   2827,
2.4,   2570,    258,      0,    668,   2351,   7545,   8426,  21662,   8626,  10516,  47362,     34,   2827,
2.4,   2570,    258,      0,    658,   2349,   7543,   8431,  21662,   8626,  10516,  47362,     35,   2827,
2.4,   2570,    258,      0,    658,   2347,   7543,   8434,  21662,   8626,  10516,  47362,     36,   2827,
2.4,   2570,    258,      0,    668,   2344,   7545,   8439,  21662,   8626,  10516,  47362,     37,   2827,
36.9,   2570,    258,      0,   2437,   2249,   8281,   8620,  20638,   8626,  10580,  47362,      1,   2827,
36.9,   2570,    258,      0,   3362,   2260,   8700,   8603,  20638,   8626,  10580,  47362,     16,   2827,
36.9,   2570,    258,      0,   3355,   2260,   8697,   8601,  20638,   8626,  10580,  47362,     17,   2827,
36.9,   2570,    258,      0,   3355,   2261,   8699,   8598,  20638,   8626,  10580,  47362,     18,   2827,
36.9,   2570,    258,      0,   3355,   2263,   8699,   8592,  20638,   8626,  10580,  47362,     19,   2827,
36.9,   2570,    258,      0,   3355,   2263,   8698,   8592,  20638,   8626,  10580,  47362,     20,   2827,
36.9,   2570,    258,      0,   3345,   2263,   8693,   8594,  20638,   8626,  10580,  47362,     21,   2827,
36.9,   2570,    258,      0,   3345,   2263,   8692,   8593,  20638,   8626,  10580,  47362,     22,   2827,
36.9,   2570,    258,      0,   3345,   2263,   8692,   8592,  20638,   8626,  10580,  47362,     23,   2827,
36.9,   2570,    258,      0,   3345,   2268,   8692,   8587,  20638,   8626,  10580,  47362,     24,   2827,
36.9,   2570,    258,      0,   3345,   2268,   8695,   8584,  20638,   8626,  10580,  47362,     25,   2827,
36.9,   2570,    258,      0,   3345,   2266,   8692,   8589,  20638,   8626,  10580,  47362,     26,   2827,
36.9,   2570,    258,      0,   3337,   2268,   8688,   8585,  20638,   8626,  10580,  47362,     27,   2827,
36.9,   2570,    258,      0,   3345,   2269,   8692,   8581,  20638,   8626,  10580,  47362,     28,   2827,
36.9,   2570,    258,      0,   3337,   2272,   8690,   8576,  20638,   8626,  10580,  47362,     29,   2827,
36.9,   2570,    258,      0,   3329,   2275,   8686,   8575,  20638,   8626,  10580,  47362,     30,   2827,
36.9,   2570,    258,      0,   3329,   2275,   8684,   8574,  20638,   8626,  10580,  47362,     31,   2827,
36.9,   2570,    258,      0,   3320,   2276,   8683,   8568,  20638,   8626,  10580,  47362,     32,   2827,
36.9,   2570,    258,      0,   3320,   2278,   8683,   8566,  20638,   8626,  10580,  47362,     33,   2827,
36.9,   2570,    258,      0,   3320,   2276,   8682,   8571,  20638,   8626,  10580,  47362,     34,   2827,
36.9,   2570,    258,      0,   3320,   2276,   8681,   8568,  20638,   8626,  10580,  47362,     35,   2827,
36.9,   2570,    258,      0,   3320,   2278,   8683,   8565,  20638,   8626,  10580,  47362,     36,   2827,
36.9,   2570,    258,      0,   3312,   2280,   8679,   8561,  20638,   8626,  10580,  47362,     37,   2827,
36.9,   2570,    258,      0,   3312,   2281,   8679,   8558,  20638,   8626,  10580,  47362,     38,   2827,
36.9,   2570,    258,      0,   3312,   2281,   8676,   8559,  20638,   8626,  10580,  47362,     39,   2827,
36.9,   2570,    258,      0,   3312,   2281,   8679,   8557,  20638,   8626,  10580,  47362,     40,   2827,
36.9,   2570,    258,      0,   3312,   2285,   8676,   8552,  20638,   8626,  10580,  47362,     41,   2827,
