72.3,   2570,    258,      0,   1158,   2332,   7741,   8462,  17742,  39384,   9062,  28545,      1,   2827,
72.3,   2570,    258,      0,   5024,   2352,   9529,   8421,  17742,  39384,   9062,  28545,     10,   2827,
72.3,   2570,    258,      0,   5016,   2356,   9524,   8418,  17742,  39384,   9062,  28545,     11,   2827,
72.3,   2570,    258,      0,   4994,   2357,   9512,   8412,  17742,  39384,   9062,  28545,     12,   2827,
72.3,   2570,    258,      0,   5009,   2359,   9520,   8408,  17742,  39384,   9062,  28545,     13,   2827,
72.3,   2570,    258,      0,   5009,   2361,   9523,   8404,  17742,  39384,   9062,  28545,     14,   2827,
72.3,   2570,    258,      0,   4994,   2368,   9515,   8394,  17742,  39384,   9062,  28545,     15,   2827,
72.3,   2570,    258,      0,   5009,   2369,   9523,   8388,  17742,  39384,   9062,  28545,     16,   2827,
72.3,   2570,    258,      0,   5003,   2372,   9518,   8384,  17742,  39384,   9062,  28545,     17,   2827,
72.3,   2570,    258,      0,   5009,   2377,   9522,   8376,  17742,  39384,   9062,  28545,     18,   2827,
72.3,   2570,    258,      0,   5003,   2379,   9519,   8370,  17742,  39384,   9062,  28545,     19,   2827,
72.3,   2570,    258,      0,   4972,   2383,   9503,   8365,  17742,  39384,   9062,  28545,     20,   2827,
72.3,   2570,    258,      0,   4957,   2384,   9493,   8360,  17742,  39384,   9062,  28545,     21,   2827,
72.3,   2570,    258,      0,   4964,   2388,   9496,   8353,  17742,  39384,   9062,  28545,     22,   2827,
72.3,   2570,    258,      0,   4980,   2393,   9504,   8345,  17742,  39384,   9062,  28545,     23,   2827,
72.3,   2570,    258,      0,   4980,   2397,   9506,   8338,  17742,  39384,   9062,  28545,     24,   2827,
72.3,   2570,    258,      0,   4987,   2402,   9510,   8329,  17742,  39384,   9062,  28545,     25,   2827,
72.3,   2570,    258,      0,   4957,   2403,   9495,   8326,  17742,  39384,   9062,  28545,     26,   2827,
72.3,   2570,    258,      0,   4964,   2405,   9496,   8320,  17742,  39384,   9062,  28545,     27,   2827,
72.3,   2570,    258,      0,   4972,   2409,   9502,   8312,  17742,  39384,   9062,  28545,     28,   2827,
72.3,   2570,    258,      0,   4972,   2416,   9501,   8303,  17742,  39384,   9062,  28545,     29,   2827,
72.3,   2570,    258,      0,   4972,   2417,   9500,   8298,  17742,  39384,   9062,  28545,     30,   2827,
72.3,   2570,    258,      0,   4980,   2424,   9507,   8287,  17742,  39384,   9062,  28545,     31,   2827,
72.3,   2570,    258,      0,   4972,   2426,   9501,   8280,  17742,  39384,   9062,  28545,     32,   2827,
72.3,   2570,    258,      0,   4964,   2430,   9499,   8275,  17742,  39384,   9062,  28545,     33,   2827,
72.3,   2570,    258,      0,   4964,   2434,   9499,   8265,  17742,  39384,   9062,  28545,     34,   2827,
72.3,   2570,    258,      0,   4957,   2437,   9494,   8260,  17742,  39384,   9062,  28545,     35,   2827,
2.9,   2570,    258,      0,    999,   2206,   7679,   8704,  17742,  39384,   8998,  28545,      1,   2827,
2.9,   2570,    258,      0,  65020,   2196,   7094,   8725,  17742,  39384,   8998,  28545,     12,   2827,
2.9,   2570,    258,      0,  65020,   2193,   7092,   8729,  17742,  39384,   8998,  28545,     13,   2827,
2.9,   2570,    258,      0,  65020,   2193,   7093,   8731,  17742,  39384,   8998,  28545,     14,   2827,
2.9,   2570,    258,      0,  65020,   2189,   7092,   8736,  17742,  39384,   8998,  28545,     15,   2827,
2.9,   2570,    258,      0,  65020,   2189,   7094,   8738,  17742,  39384,   8998,  28545,     16,   2827,
2.9,   2570,    258,      0,  65020,   2185,   7094,   8745,  17742,  39384,   8998,  28545,     17,   2827,
2.9,   2570,    258,      0,  65020,   2185,   7092,   8747,  17742,  39384,   8998,  28545,     18,   2827,
2.9,   2570,    258,      0,  65020,   2183,   7095,   8751,  17742,  39384,   8998,  28545,     19,   2827,
2.9,   2570,    258,      0,  65020,   2181,   7095,   8752,  17742,  39384,   8998,  28545,     20,   2827,
2.9,   2570,    258,      0,  65030,   2177,   7099,   8762,  17742,  39384,   8998,  28545,     21,   2827,
2.9,   2570,    258,      0,  65030,   2174,   7099,   8766,  17742,  39384,   8998,  28545,     22,   2827,
2.9,   2570,    258,      0,  65020,   2172,   7094,   8769,  17742,  39384,   8998,  28545,     23,   2827,
2.9,   2570,    258,      0,  65041,   2172,   7100,   8768,  17742,  39384,   8998,  28545,     24,   2827,
2.9,   2570,    258,      0,  65030,   2170,   7099,   8774,  17742,  39384,   8998,  28545,     25,   2827,
2.9,   2570,    258,      0,  65030,   2168,   7097,   8778,  17742,  39384,   8998,  28545,     26,   2827,
2.9,   2570,    258,      0,  65041,   2165,   7102,   8780,  17742,  39384,   8998,  28545,     27,   2827,
2.9,   2570,    258,      0,  65041,   2164,   7101,   8785,  17742,  39384,   8998,  28545,     28,   2827,
2.9,   2570,    258,      0,  65052,   2162,   7106,   8790,  17742,  39384,   8998,  28545,     29,   2827,
2.9,   2570,    258,      0,  65052,   2162,   7106,   8791,  17742,  39384,   8998,  28545,     30,   2827,
2.9,   2570,    258,      0,  65052,   2160,   7106,   8794,  17742,  39384,   8998,  28545,     31,   2827,
2.9,   2570,    258,      0,  65052,   2158,   7106,   8798,  17742,  39384,   8998,  28545,     32,   2827,
2.9,   2570,    258,      0,  65052,   2155,   7105,   8800,  17742,  39384,   8998,  28545,     33,   2827,
2.9,   2570,    258,      0,  65052,   2154,   7107,   8807,  17742,  39384,   8998,  28545,     34,   2827,
2.9,   2570,    258,      0,  65062,   2150,   7110,   8812,  17742,  39384,   8998,  28545,     35,   2827,
2.9,   2570,    258,      0,  65062,   2150,   7108,   8812,  17742,  39384,   8998,  28545,     36,   2827,
2.9,   2570,    258,      0,  65062,   2147,   7109,   8819,  17742,  39384,   8998,  28545,     37,   2827,
