<<<<<<< HEAD
24.2,   2570,    258,      0,   2982,   2441,   8526,   8255,  24912,  22217,  20529,  38838,      1,   2827,
24.2,   2570,    258,      0,   2328,   2452,   8235,   8234,  24912,  22217,  20529,  38838,     16,   2827,
24.2,   2570,    258,      0,   2328,   2452,   8235,   8235,  24912,  22217,  20529,  38838,     17,   2827,
24.2,   2570,    258,      0,   2328,   2453,   8235,   8231,  24912,  22217,  20529,  38838,     18,   2827,
24.2,   2570,    258,      0,   2328,   2453,   8235,   8228,  24912,  22217,  20529,  38838,     19,   2827,
24.2,   2570,    258,      0,   2337,   2452,   8236,   8232,  24912,  22217,  20529,  38838,     20,   2827,
24.2,   2570,    258,      0,   2337,   2453,   8236,   8230,  24912,  22217,  20529,  38838,     21,   2827,
24.2,   2570,    258,      0,   2337,   2456,   8236,   8225,  24912,  22217,  20529,  38838,     22,   2827,
24.2,   2570,    258,      0,   2319,   2456,   8231,   8226,  24912,  22217,  20529,  38838,     23,   2827,
24.2,   2570,    258,      0,   2328,   2457,   8232,   8222,  24912,  22217,  20529,  38838,     24,   2827,
24.2,   2570,    258,      0,   2328,   2457,   8232,   8222,  24912,  22217,  20529,  38838,     25,   2827,
24.2,   2570,    258,      0,   2328,   2460,   8233,   8217,  24912,  22217,  20529,  38838,     26,   2827,
24.2,   2570,    258,      0,   2337,   2457,   8237,   8221,  24912,  22217,  20529,  38838,     27,   2827,
24.2,   2570,    258,      0,   2328,   2460,   8234,   8217,  24912,  22217,  20529,  38838,     28,   2827,
24.2,   2570,    258,      0,   2328,   2460,   8232,   8219,  24912,  22217,  20529,  38838,     29,   2827,
24.2,   2570,    258,      0,   2337,   2462,   8237,   8213,  24912,  22217,  20529,  38838,     30,   2827,
24.2,   2570,    258,      0,   2328,   2462,   8235,   8214,  24912,  22217,  20529,  38838,     31,   2827,
24.2,   2570,    258,      0,   2337,   2462,   8236,   8213,  24912,  22217,  20529,  38838,     32,   2827,
24.2,   2570,    258,      0,   2328,   2462,   8232,   8212,  24912,  22217,  20529,  38838,     33,   2827,
24.2,   2570,    258,      0,   2328,   2464,   8235,   8211,  24912,  22217,  20529,  38838,     34,   2827,
24.2,   2570,    258,      0,   2337,   2464,   8238,   8211,  24912,  22217,  20529,  38838,     35,   2827,
24.2,   2570,    258,      0,   2328,   2464,   8234,   8210,  24912,  22217,  20529,  38838,     36,   2827,
24.2,   2570,    258,      0,   2337,   2464,   8237,   8208,  24912,  22217,  20529,  38838,     37,   2827,
24.2,   2570,    258,      0,   2328,   2467,   8234,   8207,  24912,  22217,  20529,  38838,     38,   2827,
24.2,   2570,    258,      0,   2337,   2467,   8236,   8204,  24912,  22217,  20529,  38838,     39,   2827,
24.2,   2570,    258,      0,   2328,   2467,   8234,   8207,  24912,  22217,  20529,  38838,     40,   2827,
24.2,   2570,    258,      0,   2328,   2468,   8234,   8202,  24912,  22217,  20529,  38838,     41,   2827,
=======
59.7,   2570,    258,      0,   2858,   2332,   8469,   8460,  29008,  54987,  20529,  37814,      1,   2827,
59.7,   2570,    258,      0,   5432,   2363,   9748,   8402,  29008,  54987,  20529,  37814,     13,   2827,
59.7,   2570,    258,      0,   5418,   2363,   9743,   8400,  29008,  54987,  20529,  37814,     14,   2827,
59.7,   2570,    258,      0,   5402,   2366,   9735,   8396,  29008,  54987,  20529,  37814,     15,   2827,
59.7,   2570,    258,      0,   5380,   2368,   9721,   8392,  29008,  54987,  20529,  37814,     16,   2827,
59.7,   2570,    258,      0,   5367,   2372,   9715,   8385,  29008,  54987,  20529,  37814,     17,   2827,
59.7,   2570,    258,      0,   5345,   2374,   9701,   8380,  29008,  54987,  20529,  37814,     18,   2827,
59.7,   2570,    258,      0,   5329,   2378,   9695,   8374,  29008,  54987,  20529,  37814,     19,   2827,
59.7,   2570,    258,      0,   5329,   2383,   9693,   8366,  29008,  54987,  20529,  37814,     20,   2827,
59.7,   2570,    258,      0,   5322,   2384,   9690,   8363,  29008,  54987,  20529,  37814,     21,   2827,
59.7,   2570,    258,      0,   5315,   2384,   9684,   8360,  29008,  54987,  20529,  37814,     22,   2827,
59.7,   2570,    258,      0,   5308,   2388,   9681,   8355,  29008,  54987,  20529,  37814,     23,   2827,
59.7,   2570,    258,      0,   5308,   2388,   9682,   8354,  29008,  54987,  20529,  37814,     24,   2827,
59.7,   2570,    258,      0,   5308,   2393,   9683,   8347,  29008,  54987,  20529,  37814,     25,   2827,
59.7,   2570,    258,      0,   5315,   2397,   9684,   8338,  29008,  54987,  20529,  37814,     26,   2827,
59.7,   2570,    258,      0,   5308,   2402,   9682,   8330,  29008,  54987,  20529,  37814,     27,   2827,
59.7,   2570,    258,      0,   5315,   2405,   9687,   8323,  29008,  54987,  20529,  37814,     28,   2827,
59.7,   2570,    258,      0,   5315,   2407,   9687,   8319,  29008,  54987,  20529,  37814,     29,   2827,
59.7,   2570,    258,      0,   5329,   2409,   9695,   8314,  29008,  54987,  20529,  37814,     30,   2827,
59.7,   2570,    258,      0,   5329,   2413,   9694,   8305,  29008,  54987,  20529,  37814,     31,   2827,
59.7,   2570,    258,      0,   5329,   2417,   9692,   8298,  29008,  54987,  20529,  37814,     32,   2827,
59.7,   2570,    258,      0,   5329,   2420,   9693,   8292,  29008,  54987,  20529,  37814,     33,   2827,
59.7,   2570,    258,      0,   5329,   2429,   9694,   8278,  29008,  54987,  20529,  37814,     34,   2827,
59.7,   2570,    258,      0,   5322,   2430,   9688,   8273,  29008,  54987,  20529,  37814,     35,   2827,
59.7,   2570,    258,      0,   5315,   2434,   9687,   8266,  29008,  54987,  20529,  37814,     36,   2827,
59.7,   2570,    258,      0,   5315,   2437,   9685,   8262,  29008,  54987,  20529,  37814,     37,   2827,
59.7,   2570,    258,      0,   5300,   2441,   9678,   8255,  29008,  54987,  20529,  37814,     38,   2827,
59.7,   2570,    258,      0,   5300,   2445,   9676,   8246,  29008,  54987,  20529,  37814,     39,   2827,
>>>>>>> 452540c9efb0a1d9549ed013a5dea54903389b7d
