2,   2570,    258,      0,   1719,   2324,   7972,   8478,  40311,  51364,  34388,  16490,      3,   2827,
2,   2570,    258,      0,   1673,   2287,   7953,   8548,  40311,  51364,  34388,  16490,     26,   2827,
2,   2570,    258,      0,   1673,   2287,   7954,   8551,  40311,  51364,  34388,  16490,     27,   2827,
2,   2570,    258,      0,   1682,   2285,   7957,   8552,  40311,  51364,  34388,  16490,     28,   2827,
2,   2570,    258,      0,   1682,   2285,   7956,   8555,  40311,  51364,  34388,  16490,     29,   2827,
2,   2570,    258,      0,   1682,   2280,   7957,   8560,  40311,  51364,  34388,  16490,     30,   2827,
2,   2570,    258,      0,   1682,   2280,   7957,   8563,  40311,  51364,  34388,  16490,     31,   2827,
2,   2570,    258,      0,   1692,   2280,   7960,   8562,  40311,  51364,  34388,  16490,     32,   2827,
2,   2570,    258,      0,   1692,   2278,   7960,   8566,  40311,  51364,  34388,  16490,     33,   2827,
2,   2570,    258,      0,   1701,   2276,   7964,   8568,  40311,  51364,  34388,  16490,     34,   2827,
2,   2570,    258,      0,   1692,   2275,   7963,   8573,  40311,  51364,  34388,  16490,     35,   2827,
2,   2570,    258,      0,   1701,   2275,   7965,   8574,  40311,  51364,  34388,  16490,     36,   2827,
2,   2570,    258,      0,   1701,   2272,   7964,   8577,  40311,  51364,  34388,  16490,     37,   2827,
2,   2570,    258,      0,   1701,   2272,   7965,   8579,  40311,  51364,  34388,  16490,     38,   2827,
2,   2570,    258,      0,   1701,   2268,   7966,   8584,  40311,  51364,  34388,  16490,     39,   2827,
2,   2570,    258,      0,   1701,   2266,   7966,   8589,  40311,  51364,  34388,  16490,     40,   2827,
2,   2570,    258,      0,   1711,   2266,   7968,   8590,  40311,  51364,  34388,  16490,     41,   2827,
2,   2570,    258,      0,   1711,   2263,   7970,   8593,  40311,  51364,  34388,  16490,     42,   2827,
2,   2570,    258,      0,   1719,   2263,   7972,   8595,  40311,  51364,  34388,  16490,     43,   2827,
2,   2570,    258,      0,   1719,   2261,   7972,   8598,  40311,  51364,  34388,  16490,     44,   2827,
2,   2570,    258,      0,   1719,   2260,   7972,   8602,  40311,  51364,  34388,  16490,     45,   2827,
2,   2570,    258,      0,   1719,   2257,   7975,   8607,  40311,  51364,  34388,  16490,     46,   2827,
2,   2570,    258,      0,   1730,   2254,   7977,   8609,  40311,  51364,  34388,  16490,     47,   2827,
2,   2570,    258,      0,   1719,   2254,   7974,   8609,  40311,  51364,  34388,  16490,     48,   2827,
2,   2570,    258,      0,   1730,   2251,   7979,   8616,  40311,  51364,  34388,  16490,     49,   2827,
2,   2570,    258,      0,   1740,   2249,   7980,   8620,  40311,  51364,  34388,  16490,     50,   2827,
