24.1,   2570,    258,      0,   3139,   2523,   8599,   8097,  35420,  11974,  26086,   4210,      1,   2827,
24.1,   2570,    258,      0,   2974,   2511,   8520,   8121,  35420,  11974,  26086,   4210,     13,   2827,
24.1,   2570,    258,      0,   2964,   2513,   8519,   8119,  35420,  11974,  26086,   4210,     14,   2827,
24.1,   2570,    258,      0,   2974,   2513,   8522,   8118,  35420,  11974,  26086,   4210,     15,   2827,
24.1,   2570,    258,      0,   2964,   2511,   8519,   8121,  35420,  11974,  26086,   4210,     16,   2827,
24.1,   2570,    258,      0,   2974,   2508,   8521,   8124,  35420,  11974,  26086,   4210,     17,   2827,
24.1,   2570,    258,      0,   2964,   2508,   8517,   8124,  35420,  11974,  26086,   4210,     18,   2827,
24.1,   2570,    258,      0,   2956,   2511,   8515,   8123,  35420,  11974,  26086,   4210,     19,   2827,
24.1,   2570,    258,      0,   2964,   2508,   8516,   8124,  35420,  11974,  26086,   4210,     20,   2827,
24.1,   2570,    258,      0,   2956,   2508,   8514,   8125,  35420,  11974,  26086,   4210,     21,   2827,
24.1,   2570,    258,      0,   2947,   2511,   8511,   8122,  35420,  11974,  26086,   4210,     22,   2827,
24.1,   2570,    258,      0,   2956,   2508,   8512,   8124,  35420,  11974,  26086,   4210,     23,   2827,
24.1,   2570,    258,      0,   2956,   2511,   8513,   8121,  35420,  11974,  26086,   4210,     24,   2827,
24.1,   2570,    258,      0,   2956,   2508,   8515,   8124,  35420,  11974,  26086,   4210,     25,   2827,
24.1,   2570,    258,      0,   2947,   2508,   8510,   8126,  35420,  11974,  26086,   4210,     26,   2827,
24.1,   2570,    258,      0,   2956,   2506,   8515,   8128,  35420,  11974,  26086,   4210,     27,   2827,
24.1,   2570,    258,      0,   2956,   2508,   8513,   8126,  35420,  11974,  26086,   4210,     28,   2827,
24.1,   2570,    258,      0,   2938,   2508,   8506,   8125,  35420,  11974,  26086,   4210,     29,   2827,
24.1,   2570,    258,      0,   2956,   2508,   8513,   8126,  35420,  11974,  26086,   4210,     30,   2827,
24.1,   2570,    258,      0,   2947,   2508,   8509,   8126,  35420,  11974,  26086,   4210,     31,   2827,
24.1,   2570,    258,      0,   2938,   2506,   8505,   8128,  35420,  11974,  26086,   4210,     32,   2827,
24.1,   2570,    258,      0,   2938,   2511,   8507,   8123,  35420,  11974,  26086,   4210,     33,   2827,
24.1,   2570,    258,      0,   2947,   2508,   8508,   8126,  35420,  11974,  26086,   4210,     34,   2827,
24.1,   2570,    258,      0,   2938,   2508,   8505,   8125,  35420,  11974,  26086,   4210,     35,   2827,
24.1,   2570,    258,      0,   2947,   2508,   8511,   8124,  35420,  11974,  26086,   4210,     36,   2827,
24.1,   2570,    258,      0,   2947,   2508,   8509,   8127,  35420,  11974,  26086,   4210,     37,   2827,
24.1,   2570,    258,      0,   2947,   2508,   8510,   8124,  35420,  11974,  26086,   4210,     38,   2827,
