2.8,   2570,    258,      0,   2698,   2266,   8398,   8588,  45340,  58505,  39850,  20609,      1,   2827,
2.8,   2570,    258,      0,    608,   2261,   7520,   8598,  45340,  58505,  39850,  20609,      9,   2827,
2.8,   2570,    258,      0,    587,   2257,   7514,   8605,  45340,  58505,  39850,  20609,     10,   2827,
2.8,   2570,    258,      0,    577,   2257,   7509,   8606,  45340,  58505,  39850,  20609,     11,   2827,
2.8,   2570,    258,      0,    567,   2257,   7506,   8607,  45340,  58505,  39850,  20609,     12,   2827,
2.8,   2570,    258,      0,    567,   2254,   7507,   8609,  45340,  58505,  39850,  20609,     13,   2827,
2.8,   2570,    258,      0,    556,   2254,   7500,   8611,  45340,  58505,  39850,  20609,     14,   2827,
2.8,   2570,    258,      0,    556,   2253,   7501,   8613,  45340,  58505,  39850,  20609,     15,   2827,
2.8,   2570,    258,      0,    556,   2253,   7500,   8612,  45340,  58505,  39850,  20609,     16,   2827,
2.8,   2570,    258,      0,    546,   2253,   7499,   8614,  45340,  58505,  39850,  20609,     17,   2827,
2.8,   2570,    258,      0,    535,   2253,   7495,   8614,  45340,  58505,  39850,  20609,     18,   2827,
2.8,   2570,    258,      0,    546,   2251,   7496,   8618,  45340,  58505,  39850,  20609,     19,   2827,
2.8,   2570,    258,      0,    535,   2251,   7495,   8619,  45340,  58505,  39850,  20609,     20,   2827,
2.8,   2570,    258,      0,    535,   2251,   7492,   8616,  45340,  58505,  39850,  20609,     21,   2827,
2.8,   2570,    258,      0,    535,   2249,   7494,   8623,  45340,  58505,  39850,  20609,     22,   2827,
2.8,   2570,    258,      0,    535,   2249,   7494,   8623,  45340,  58505,  39850,  20609,     23,   2827,
2.8,   2570,    258,      0,    535,   2245,   7492,   8629,  45340,  58505,  39850,  20609,     24,   2827,
2.8,   2570,    258,      0,    535,   2245,   7492,   8628,  45340,  58505,  39850,  20609,     25,   2827,
2.8,   2570,    258,      0,    546,   2247,   7497,   8625,  45340,  58505,  39850,  20609,     26,   2827,
2.8,   2570,    258,      0,    546,   2245,   7497,   8630,  45340,  58505,  39850,  20609,     27,   2827,
2.8,   2570,    258,      0,    546,   2243,   7497,   8633,  45340,  58505,  39850,  20609,     28,   2827,
2.8,   2570,    258,      0,    546,   2243,   7496,   8633,  45340,  58505,  39850,  20609,     29,   2827,
2.8,   2570,    258,      0,    546,   2243,   7496,   8633,  45340,  58505,  39850,  20609,     30,   2827,
2.8,   2570,    258,      0,    546,   2243,   7496,   8635,  45340,  58505,  39850,  20609,     31,   2827,
2.8,   2570,    258,      0,    546,   2243,   7497,   8634,  45340,  58505,  39850,  20609,     32,   2827,
2.8,   2570,    258,      0,    546,   2241,   7498,   8639,  45340,  58505,  39850,  20609,     33,   2827,
2.8,   2570,    258,      0,    556,   2238,   7500,   8640,  45340,  58505,  39850,  20609,     34,   2827,
60.9,   2570,    258,      0,   3658,   2522,   8840,   8101,  45372,  58505,  39850,  21120,      1,   2827,
60.9,   2570,    258,      0,   4665,   2525,   9341,   8093,  45372,  58505,  39850,  21120,      8,   2827,
60.9,   2570,    258,      0,   4665,   2530,   9341,   8086,  45372,  58505,  39850,  21120,      9,   2827,
60.9,   2570,    258,      0,   4650,   2530,   9333,   8085,  45372,  58505,  39850,  21120,     10,   2827,
60.9,   2570,    258,      0,   4650,   2531,   9332,   8080,  45372,  58505,  39850,  21120,     11,   2827,
60.9,   2570,    258,      0,   4634,   2531,   9327,   8080,  45372,  58505,  39850,  21120,     12,   2827,
60.9,   2570,    258,      0,   4643,   2534,   9328,   8078,  45372,  58505,  39850,  21120,     13,   2827,
60.9,   2570,    258,      0,   4643,   2536,   9330,   8075,  45372,  58505,  39850,  21120,     14,   2827,
60.9,   2570,    258,      0,   4643,   2536,   9330,   8072,  45372,  58505,  39850,  21120,     15,   2827,
60.9,   2570,    258,      0,   4650,   2538,   9333,   8068,  45372,  58505,  39850,  21120,     16,   2827,
60.9,   2570,    258,      0,   4650,   2540,   9334,   8066,  45372,  58505,  39850,  21120,     17,   2827,
60.9,   2570,    258,      0,   4650,   2540,   9334,   8064,  45372,  58505,  39850,  21120,     18,   2827,
60.9,   2570,    258,      0,   4673,   2544,   9344,   8058,  45372,  58505,  39850,  21120,     19,   2827,
60.9,   2570,    258,      0,   4665,   2549,   9341,   8049,  45372,  58505,  39850,  21120,     20,   2827,
60.9,   2570,    258,      0,   4673,   2551,   9347,   8045,  45372,  58505,  39850,  21120,     21,   2827,
60.9,   2570,    258,      0,   4650,   2553,   9332,   8042,  45372,  58505,  39850,  21120,     22,   2827,
60.9,   2570,    258,      0,   4634,   2557,   9325,   8035,  45372,  58505,  39850,  21120,     23,   2827,
60.9,   2570,    258,      0,   4611,   2559,   9313,   8031,  45372,  58505,  39850,  21120,     24,   2827,
60.9,   2570,    258,      0,   4611,   2561,   9315,   8026,  45372,  58505,  39850,  21120,     25,   2827,
60.9,   2570,    258,      0,   4611,   2566,   9314,   8018,  45372,  58505,  39850,  21120,     26,   2827,
60.9,   2570,    258,      0,   4634,   2566,   9325,   8017,  45372,  58505,  39850,  21120,     27,   2827,
60.9,   2570,    258,      0,   4643,   2572,   9331,   8007,  45372,  58505,  39850,  21120,     28,   2827,
60.9,   2570,    258,      0,   4626,   2575,   9322,   8003,  45372,  58505,  39850,  21120,     29,   2827,
60.9,   2570,    258,      0,   4595,   2579,   9307,   7994,  45372,  58505,  39850,  21120,     30,   2827,
60.9,   2570,    258,      0,   4603,   2579,   9310,   7995,  45372,  58505,  39850,  21120,     31,   2827,
60.9,   2570,    258,      0,   4626,   2583,   9322,   7984,  45372,  58505,  39850,  21120,     32,   2827,
60.9,   2570,    258,      0,   4619,   2585,   9316,   7980,  45372,  58505,  39850,  21120,     33,   2827,
34.7,   2570,    258,      0,   3498,   2475,   8767,   8188,  45340,  58505,   7082,  21121,      1,   2827,
34.7,   2570,    258,      0,   2698,   2485,   8397,   8170,  45340,  58505,   7082,  21121,     16,   2827,
34.7,   2570,    258,      0,   2690,   2485,   8395,   8168,  45340,  58505,   7082,  21121,     17,   2827,
34.7,   2570,    258,      0,   2690,   2485,   8393,   8171,  45340,  58505,   7082,  21121,     18,   2827,
34.7,   2570,    258,      0,   2680,   2485,   8391,   8170,  45340,  58505,   7082,  21121,     19,   2827,
34.7,   2570,    258,      0,   2680,   2489,   8388,   8163,  45340,  58505,   7082,  21121,     20,   2827,
34.7,   2570,    258,      0,   2672,   2487,   8387,   8164,  45340,  58505,   7082,  21121,     21,   2827,
34.7,   2570,    258,      0,   2663,   2489,   8381,   8162,  45340,  58505,   7082,  21121,     22,   2827,
34.7,   2570,    258,      0,   2653,   2489,   8379,   8161,  45340,  58505,   7082,  21121,     23,   2827,
34.7,   2570,    258,      0,   2663,   2492,   8381,   8158,  45340,  58505,   7082,  21121,     24,   2827,
34.7,   2570,    258,      0,   2653,   2492,   8379,   8157,  45340,  58505,   7082,  21121,     25,   2827,
34.7,   2570,    258,      0,   2653,   2492,   8376,   8158,  45340,  58505,   7082,  21121,     26,   2827,
34.7,   2570,    258,      0,   2653,   2492,   8376,   8157,  45340,  58505,   7082,  21121,     27,   2827,
34.7,   2570,    258,      0,   2645,   2494,   8375,   8152,  45340,  58505,   7082,  21121,     28,   2827,
34.7,   2570,    258,      0,   2645,   2495,   8373,   8149,  45340,  58505,   7082,  21121,     29,   2827,
34.7,   2570,    258,      0,   2645,   2495,   8375,   8148,  45340,  58505,   7082,  21121,     30,   2827,
34.7,   2570,    258,      0,   2636,   2495,   8370,   8148,  45340,  58505,   7082,  21121,     31,   2827,
34.7,   2570,    258,      0,   2645,   2501,   8373,   8143,  45340,  58505,   7082,  21121,     32,   2827,
34.7,   2570,    258,      0,   2636,   2501,   8370,   8142,  45340,  58505,   7082,  21121,     33,   2827,
34.7,   2570,    258,      0,   2636,   2501,   8370,   8140,  45340,  58505,   7082,  21121,     34,   2827,
34.7,   2570,    258,      0,   2636,   2504,   8370,   8133,  45340,  58505,   7082,  21121,     35,   2827,
34.7,   2570,    258,      0,   2636,   2504,   8368,   8134,  45340,  58505,   7082,  21121,     36,   2827,
34.7,   2570,    258,      0,   2627,   2504,   8365,   8135,  45340,  58505,   7082,  21121,     37,   2827,
34.7,   2570,    258,      0,   2627,   2506,   8367,   8129,  45340,  58505,   7082,  21121,     38,   2827,
34.7,   2570,    258,      0,   2627,   2506,   8365,   8131,  45340,  58505,   7082,  21121,     39,   2827,
34.7,   2570,    258,      0,   2636,   2508,   8368,   8124,  45340,  58505,   7082,  21121,     40,   2827,
34.7,   2570,    258,      0,   2618,   2508,   8363,   8125,  45340,  58505,   7082,  21121,     41,   2827,
