71,   2570,    258,      0,   3182,   2506,   8619,   8128,  61962,   5509,  40029,  58039,      1,   2827,
71,   2570,    258,      0,   6596,   2525,  10422,   8093,  61962,   5509,  40029,  58039,     10,   2827,
71,   2570,    258,      0,   6590,   2528,  10416,   8091,  61962,   5509,  40029,  58039,     11,   2827,
71,   2570,    258,      0,   6570,   2530,  10406,   8084,  61962,   5509,  40029,  58039,     12,   2827,
71,   2570,    258,      0,   6596,   2534,  10421,   8079,  61962,   5509,  40029,  58039,     13,   2827,
71,   2570,    258,      0,   6610,   2538,  10431,   8069,  61962,   5509,  40029,  58039,     14,   2827,
71,   2570,    258,      0,   6637,   2538,  10445,   8068,  61962,   5509,  40029,  58039,     15,   2827,
71,   2570,    258,      0,   6629,   2544,  10443,   8058,  61962,   5509,  40029,  58039,     16,   2827,
71,   2570,    258,      0,   6617,   2547,  10435,   8053,  61962,   5509,  40029,  58039,     17,   2827,
71,   2570,    258,      0,   6604,   2553,  10425,   8043,  61962,   5509,  40029,  58039,     18,   2827,
71,   2570,    258,      0,   6617,   2556,  10433,   8037,  61962,   5509,  40029,  58039,     19,   2827,
71,   2570,    258,      0,   6623,   2559,  10437,   8028,  61962,   5509,  40029,  58039,     20,   2827,
71,   2570,    258,      0,   6637,   2563,  10447,   8020,  61962,   5509,  40029,  58039,     21,   2827,
71,   2570,    258,      0,   6629,   2568,  10443,   8015,  61962,   5509,  40029,  58039,     22,   2827,
71,   2570,    258,      0,   6637,   2575,  10444,   8003,  61962,   5509,  40029,  58039,     23,   2827,
71,   2570,    258,      0,   6623,   2577,  10438,   7996,  61962,   5509,  40029,  58039,     24,   2827,
71,   2570,    258,      0,   6604,   2580,  10425,   7989,  61962,   5509,  40029,  58039,     25,   2827,
71,   2570,    258,      0,   6604,   2585,  10425,   7981,  61962,   5509,  40029,  58039,     26,   2827,
71,   2570,    258,      0,   6617,   2589,  10432,   7975,  61962,   5509,  40029,  58039,     27,   2827,
71,   2570,    258,      0,   6617,   2595,  10433,   7962,  61962,   5509,  40029,  58039,     28,   2827,
71,   2570,    258,      0,   6610,   2599,  10430,   7955,  61962,   5509,  40029,  58039,     29,   2827,
71,   2570,    258,      0,   6596,   2604,  10420,   7947,  61962,   5509,  40029,  58039,     30,   2827,
71,   2570,    258,      0,   6584,   2608,  10415,   7939,  61962,   5509,  40029,  58039,     31,   2827,
71,   2570,    258,      0,   6564,   2612,  10403,   7928,  61962,   5509,  40029,  58039,     32,   2827,
71,   2570,    258,      0,   6537,   2616,  10387,   7923,  61962,   5509,  40029,  58039,     33,   2827,
71,   2570,    258,      0,   6518,   2618,  10373,   7919,  61962,   5509,  40029,  58039,     34,   2827,
71,   2570,    258,      0,   6504,   2623,  10366,   7910,  61962,   5509,  40029,  58039,     35,   2827,
2.8,   2570,    258,      0,   3276,   2278,   8663,   8567,  61962,   5509,  40013,  58039,      1,   2827,
2.8,   2570,    258,      0,   1815,   2263,   8015,   8595,  61962,   5509,  40013,  58039,     10,   2827,
2.8,   2570,    258,      0,   1815,   2261,   8012,   8597,  61962,   5509,  40013,  58039,     11,   2827,
2.8,   2570,    258,      0,   1815,   2257,   8012,   8604,  61962,   5509,  40013,  58039,     12,   2827,
2.8,   2570,    258,      0,   1806,   2257,   8011,   8605,  61962,   5509,  40013,  58039,     13,   2827,
2.8,   2570,    258,      0,   1806,   2254,   8010,   8610,  61962,   5509,  40013,  58039,     14,   2827,
2.8,   2570,    258,      0,   1806,   2253,   8009,   8612,  61962,   5509,  40013,  58039,     15,   2827,
2.8,   2570,    258,      0,   1806,   2251,   8011,   8616,  61962,   5509,  40013,  58039,     16,   2827,
2.8,   2570,    258,      0,   1815,   2249,   8012,   8622,  61962,   5509,  40013,  58039,     17,   2827,
2.8,   2570,    258,      0,   1806,   2247,   8010,   8627,  61962,   5509,  40013,  58039,     18,   2827,
2.8,   2570,    258,      0,   1806,   2245,   8011,   8631,  61962,   5509,  40013,  58039,     19,   2827,
2.8,   2570,    258,      0,   1815,   2245,   8013,   8630,  61962,   5509,  40013,  58039,     20,   2827,
2.8,   2570,    258,      0,   1824,   2241,   8018,   8639,  61962,   5509,  40013,  58039,     21,   2827,
2.8,   2570,    258,      0,   1815,   2238,   8015,   8640,  61962,   5509,  40013,  58039,     22,   2827,
2.8,   2570,    258,      0,   1835,   2238,   8023,   8643,  61962,   5509,  40013,  58039,     23,   2827,
2.8,   2570,    258,      0,   1835,   2234,   8021,   8649,  61962,   5509,  40013,  58039,     24,   2827,
2.8,   2570,    258,      0,   1824,   2232,   8019,   8652,  61962,   5509,  40013,  58039,     25,   2827,
2.8,   2570,    258,      0,   1824,   2230,   8019,   8659,  61962,   5509,  40013,  58039,     26,   2827,
2.8,   2570,    258,      0,   1835,   2230,   8023,   8657,  61962,   5509,  40013,  58039,     27,   2827,
2.8,   2570,    258,      0,   1843,   2228,   8025,   8663,  61962,   5509,  40013,  58039,     28,   2827,
2.8,   2570,    258,      0,   1835,   2226,   8023,   8667,  61962,   5509,  40013,  58039,     29,   2827,
2.8,   2570,    258,      0,   1843,   2226,   8025,   8667,  61962,   5509,  40013,  58039,     30,   2827,
2.8,   2570,    258,      0,   1843,   2222,   8025,   8674,  61962,   5509,  40013,  58039,     31,   2827,
2.8,   2570,    258,      0,   1852,   2220,   8028,   8679,  61962,   5509,  40013,  58039,     32,   2827,
2.8,   2570,    258,      0,   1835,   2218,   8023,   8683,  61962,   5509,  40013,  58039,     33,   2827,
2.8,   2570,    258,      0,   1852,   2216,   8028,   8687,  61962,   5509,  40013,  58039,     34,   2827,
2.8,   2570,    258,      0,   1852,   2212,   8028,   8693,  61962,   5509,  40013,  58039,     35,   2827,
36.2,   2570,    258,      0,   3312,   2189,   8676,   8739,  61962,   5509,  40029,  58039,      1,   2827,
36.2,   2570,    258,      0,   4192,   2196,   9103,   8726,  61962,   5509,  40029,  58039,     12,   2827,
36.2,   2570,    258,      0,   4192,   2196,   9100,   8726,  61962,   5509,  40029,  58039,     13,   2827,
36.2,   2570,    258,      0,   4183,   2196,   9096,   8725,  61962,   5509,  40029,  58039,     14,   2827,
36.2,   2570,    258,      0,   4167,   2198,   9090,   8722,  61962,   5509,  40029,  58039,     15,   2827,
36.2,   2570,    258,      0,   4167,   2199,   9091,   8719,  61962,   5509,  40029,  58039,     16,   2827,
36.2,   2570,    258,      0,   4159,   2198,   9087,   8722,  61962,   5509,  40029,  58039,     17,   2827,
36.2,   2570,    258,      0,   4167,   2201,   9091,   8713,  61962,   5509,  40029,  58039,     18,   2827,
36.2,   2570,    258,      0,   4167,   2201,   9090,   8714,  61962,   5509,  40029,  58039,     19,   2827,
36.2,   2570,    258,      0,   4176,   2201,   9094,   8713,  61962,   5509,  40029,  58039,     20,   2827,
36.2,   2570,    258,      0,   4176,   2204,   9095,   8710,  61962,   5509,  40029,  58039,     21,   2827,
36.2,   2570,    258,      0,   4176,   2201,   9093,   8712,  61962,   5509,  40029,  58039,     22,   2827,
36.2,   2570,    258,      0,   4176,   2204,   9092,   8708,  61962,   5509,  40029,  58039,     23,   2827,
36.2,   2570,    258,      0,   4159,   2204,   9087,   8711,  61962,   5509,  40029,  58039,     24,   2827,
36.2,   2570,    258,      0,   4159,   2206,   9087,   8704,  61962,   5509,  40029,  58039,     25,   2827,
36.2,   2570,    258,      0,   4159,   2208,   9084,   8702,  61962,   5509,  40029,  58039,     26,   2827,
36.2,   2570,    258,      0,   4159,   2208,   9085,   8701,  61962,   5509,  40029,  58039,     27,   2827,
36.2,   2570,    258,      0,   4152,   2210,   9081,   8699,  61962,   5509,  40029,  58039,     28,   2827,
36.2,   2570,    258,      0,   4152,   2208,   9080,   8701,  61962,   5509,  40029,  58039,     29,   2827,
36.2,   2570,    258,      0,   4152,   2210,   9083,   8699,  61962,   5509,  40029,  58039,     30,   2827,
36.2,   2570,    258,      0,   4143,   2212,   9079,   8695,  61962,   5509,  40029,  58039,     31,   2827,
36.2,   2570,    258,      0,   4159,   2212,   9084,   8694,  61962,   5509,  40029,  58039,     32,   2827,
36.2,   2570,    258,      0,   4152,   2212,   9083,   8692,  61962,   5509,  40029,  58039,     33,   2827,
36.2,   2570,    258,      0,   4143,   2214,   9076,   8690,  61962,   5509,  40029,  58039,     34,   2827,
36.2,   2570,    258,      0,   4143,   2214,   9077,   8688,  61962,   5509,  40029,  58039,     35,   2827,
36.2,   2570,    258,      0,   4143,   2216,   9077,   8687,  61962,   5509,  40029,  58039,     36,   2827,
36.2,   2570,    258,      0,   4143,   2218,   9079,   8682,  61962,   5509,  40029,  58039,     37,   2827,
