2.6,   2570,    258,      0,   4758,   2407,   9388,   8317,  21683,  23779,  46085,  39220,      1,   2827,
2.6,   2570,    258,      0,   2698,   2390,   8399,   8349,  21683,  23779,  46085,  39220,      7,   2827,
2.6,   2570,    258,      0,   2672,   2387,   8387,   8359,  21683,  23779,  46085,  39220,      8,   2827,
2.6,   2570,    258,      0,   2653,   2383,   8378,   8367,  21683,  23779,  46085,  39220,      9,   2827,
2.6,   2570,    258,      0,   2645,   2378,   8375,   8374,  21683,  23779,  46085,  39220,     10,   2827,
2.6,   2570,    258,      0,   2645,   2374,   8372,   8382,  21683,  23779,  46085,  39220,     11,   2827,
2.6,   2570,    258,      0,   2636,   2369,   8369,   8391,  21683,  23779,  46085,  39220,     12,   2827,
2.6,   2570,    258,      0,   2627,   2368,   8365,   8393,  21683,  23779,  46085,  39220,     13,   2827,
2.6,   2570,    258,      0,   2627,   2363,   8364,   8401,  21683,  23779,  46085,  39220,     14,   2827,
2.6,   2570,    258,      0,   2618,   2359,   8362,   8408,  21683,  23779,  46085,  39220,     15,   2827,
2.6,   2570,    258,      0,   2610,   2357,   8356,   8413,  21683,  23779,  46085,  39220,     16,   2827,
2.6,   2570,    258,      0,   2610,   2356,   8359,   8416,  21683,  23779,  46085,  39220,     17,   2827,
2.6,   2570,    258,      0,   2610,   2351,   8358,   8424,  21683,  23779,  46085,  39220,     18,   2827,
2.6,   2570,    258,      0,   2600,   2347,   8354,   8433,  21683,  23779,  46085,  39220,     19,   2827,
2.6,   2570,    258,      0,   2600,   2343,   8353,   8440,  21683,  23779,  46085,  39220,     20,   2827,
2.6,   2570,    258,      0,   2610,   2340,   8357,   8446,  21683,  23779,  46085,  39220,     21,   2827,
2.6,   2570,    258,      0,   2591,   2338,   8350,   8448,  21683,  23779,  46085,  39220,     22,   2827,
2.6,   2570,    258,      0,   2591,   2338,   8351,   8450,  21683,  23779,  46085,  39220,     23,   2827,
2.6,   2570,    258,      0,   2591,   2334,   8350,   8456,  21683,  23779,  46085,  39220,     24,   2827,
2.6,   2570,    258,      0,   2591,   2332,   8348,   8463,  21683,  23779,  46085,  39220,     25,   2827,
2.6,   2570,    258,      0,   2591,   2329,   8351,   8470,  21683,  23779,  46085,  39220,     26,   2827,
2.6,   2570,    258,      0,   2591,   2329,   8349,   8471,  21683,  23779,  46085,  39220,     27,   2827,
2.6,   2570,    258,      0,   2591,   2324,   8349,   8478,  21683,  23779,  46085,  39220,     28,   2827,
2.6,   2570,    258,      0,   2573,   2322,   8343,   8482,  21683,  23779,  46085,  39220,     29,   2827,
2.6,   2570,    258,      0,   2591,   2317,   8348,   8490,  21683,  23779,  46085,  39220,     30,   2827,
2.6,   2570,    258,      0,   2573,   2315,   8342,   8493,  21683,  23779,  46085,  39220,     31,   2827,
2.6,   2570,    258,      0,   2581,   2314,   8347,   8496,  21683,  23779,  46085,  39220,     32,   2827,
36,   2570,    258,      0,   3932,   2290,   8972,   8542,  54451,  23779,  45093,  37172,      1,   2827,
36,   2570,    258,      0,   4619,   2336,   9319,   8454,  54451,  23779,  45093,  37172,    138,   2827,
36,   2570,    258,      0,   4619,   2338,   9317,   8451,  54451,  23779,  45093,  37172,    139,   2827,
36,   2570,    258,      0,   4619,   2338,   9319,   8448,  54451,  23779,  45093,  37172,    140,   2827,
36,   2570,    258,      0,   4603,   2340,   9311,   8445,  54451,  23779,  45093,  37172,    141,   2827,
36,   2570,    258,      0,   4611,   2343,   9314,   8441,  54451,  23779,  45093,  37172,    142,   2827,
36,   2570,    258,      0,   4611,   2343,   9313,   8441,  54451,  23779,  45093,  37172,    143,   2827,
36,   2570,    258,      0,   4603,   2344,   9311,   8438,  54451,  23779,  45093,  37172,    144,   2827,
36,   2570,    258,      0,   4595,   2344,   9307,   8436,  54451,  23779,  45093,  37172,    145,   2827,
36,   2570,    258,      0,   4603,   2347,   9308,   8435,  54451,  23779,  45093,  37172,    146,   2827,
36,   2570,    258,      0,   4603,   2349,   9311,   8430,  54451,  23779,  45093,  37172,    147,   2827,
36,   2570,    258,      0,   4603,   2351,   9308,   8427,  54451,  23779,  45093,  37172,    148,   2827,
36,   2570,    258,      0,   4603,   2349,   9309,   8431,  54451,  23779,  45093,  37172,    149,   2827,
36,   2570,    258,      0,   4603,   2352,   9309,   8423,  54451,  23779,  45093,  37172,    150,   2827,
36,   2570,    258,      0,   4603,   2351,   9309,   8424,  54451,  23779,  45093,  37172,    151,   2827,
36,   2570,    258,      0,   4603,   2352,   9308,   8422,  54451,  23779,  45093,  37172,    152,   2827,
36,   2570,    258,      0,   4611,   2356,   9312,   8416,  54451,  23779,  45093,  37172,    153,   2827,
36,   2570,    258,      0,   4595,   2357,   9307,   8414,  54451,  23779,  45093,  37172,    154,   2827,
36,   2570,    258,      0,   4603,   2359,   9308,   8411,  54451,  23779,  45093,  37172,    155,   2827,
36,   2570,    258,      0,   4595,   2359,   9307,   8410,  54451,  23779,  45093,  37172,    156,   2827,
36,   2570,    258,      0,   4595,   2359,   9307,   8409,  54451,  23779,  45093,  37172,    157,   2827,
36,   2570,    258,      0,   4587,   2363,   9302,   8401,  54451,  23779,  45093,  37172,    158,   2827,
36,   2570,    258,      0,   4587,   2361,   9303,   8405,  54451,  23779,  45093,  37172,    159,   2827,
36,   2570,    258,      0,   4587,   2363,   9302,   8402,  54451,  23779,  45093,  37172,    160,   2827,
36,   2570,    258,      0,   4587,   2366,   9300,   8397,  54451,  23779,  45093,  37172,    161,   2827,
36,   2570,    258,      0,   4580,   2368,   9298,   8395,  54451,  23779,  45093,  37172,    162,   2827,
36,   2570,    258,      0,   4580,   2368,   9298,   8395,  54451,  23779,  45093,  37172,    163,   2827,
70.5,   2570,    258,      0,   4014,   2293,   9014,   8536,  54451,  23779,  46085,  39220,      1,   2827,
70.5,   2570,    258,      0,   6998,   2325,  10670,   8473,  54451,  23779,  46085,  39220,     13,   2827,
70.5,   2570,    258,      0,   6973,   2329,  10655,   8469,  54451,  23779,  46085,  39220,     14,   2827,
70.5,   2570,    258,      0,   6966,   2334,  10651,   8458,  54451,  23779,  46085,  39220,     15,   2827,
70.5,   2570,    258,      0,   6973,   2336,  10654,   8452,  54451,  23779,  46085,  39220,     16,   2827,
70.5,   2570,    258,      0,   6979,   2338,  10659,   8449,  54451,  23779,  46085,  39220,     17,   2827,
70.5,   2570,    258,      0,   7017,   2344,  10680,   8438,  54451,  23779,  46085,  39220,     18,   2827,
70.5,   2570,    258,      0,   7030,   2349,  10690,   8430,  54451,  23779,  46085,  39220,     19,   2827,
70.5,   2570,    258,      0,   7011,   2352,  10677,   8420,  54451,  23779,  46085,  39220,     20,   2827,
70.5,   2570,    258,      0,   6998,   2356,  10668,   8416,  54451,  23779,  46085,  39220,     21,   2827,
70.5,   2570,    258,      0,   6979,   2363,  10656,   8403,  54451,  23779,  46085,  39220,     22,   2827,
70.5,   2570,    258,      0,   6973,   2366,  10652,   8399,  54451,  23779,  46085,  39220,     23,   2827,
70.5,   2570,    258,      0,   6992,   2369,  10667,   8389,  54451,  23779,  46085,  39220,     24,   2827,
70.5,   2570,    258,      0,   7011,   2374,  10678,   8381,  54451,  23779,  46085,  39220,     25,   2827,
70.5,   2570,    258,      0,   6998,   2377,  10669,   8377,  54451,  23779,  46085,  39220,     26,   2827,
70.5,   2570,    258,      0,   6985,   2379,  10662,   8370,  54451,  23779,  46085,  39220,     27,   2827,
70.5,   2570,    258,      0,   6973,   2384,  10653,   8360,  54451,  23779,  46085,  39220,     28,   2827,
70.5,   2570,    258,      0,   6947,   2388,  10637,   8352,  54451,  23779,  46085,  39220,     29,   2827,
70.5,   2570,    258,      0,   6922,   2393,  10623,   8345,  54451,  23779,  46085,  39220,     30,   2827,
70.5,   2570,    258,      0,   6903,   2397,  10609,   8338,  54451,  23779,  46085,  39220,     31,   2827,
70.5,   2570,    258,      0,   6889,   2398,  10602,   8334,  54451,  23779,  46085,  39220,     32,   2827,
70.5,   2570,    258,      0,   6889,   2405,  10601,   8323,  54451,  23779,  46085,  39220,     33,   2827,
70.5,   2570,    258,      0,   6889,   2409,  10600,   8312,  54451,  23779,  46085,  39220,     34,   2827,
70.5,   2570,    258,      0,   6871,   2412,  10588,   8308,  54451,  23779,  46085,  39220,     35,   2827,
70.5,   2570,    258,      0,   6857,   2416,  10581,   8303,  54451,  23779,  46085,  39220,     36,   2827,
70.5,   2570,    258,      0,   6863,   2420,  10585,   8293,  54451,  23779,  46085,  39220,     37,   2827,
70.5,   2570,    258,      0,   6871,   2424,  10591,   8286,  54451,  23779,  46085,  39220,     38,   2827,
