69.3,   2570,    258,      0,   2743,   2334,   8419,   8458,  43269,  43535,  45323,  21770,      1,   2827,
69.3,   2570,    258,      0,   6112,   2357,  10133,   8415,  43269,  43535,  45323,  21770,     11,   2827,
69.3,   2570,    258,      0,   6118,   2359,  10138,   8411,  43269,  43535,  45323,  21770,     12,   2827,
69.3,   2570,    258,      0,   6105,   2361,  10130,   8404,  43269,  43535,  45323,  21770,     13,   2827,
69.3,   2570,    258,      0,   6105,   2366,  10128,   8398,  43269,  43535,  45323,  21770,     14,   2827,
69.3,   2570,    258,      0,   6118,   2368,  10136,   8394,  43269,  43535,  45323,  21770,     15,   2827,
69.3,   2570,    258,      0,   6112,   2369,  10135,   8388,  43269,  43535,  45323,  21770,     16,   2827,
69.3,   2570,    258,      0,   6112,   2377,  10135,   8377,  43269,  43535,  45323,  21770,     17,   2827,
69.3,   2570,    258,      0,   6141,   2379,  10150,   8370,  43269,  43535,  45323,  21770,     18,   2827,
69.3,   2570,    258,      0,   6147,   2384,  10152,   8363,  43269,  43535,  45323,  21770,     19,   2827,
69.3,   2570,    258,      0,   6118,   2387,  10136,   8356,  43269,  43535,  45323,  21770,     20,   2827,
69.3,   2570,    258,      0,   6078,   2388,  10113,   8352,  43269,  43535,  45323,  21770,     21,   2827,
69.3,   2570,    258,      0,   6051,   2393,  10099,   8344,  43269,  43535,  45323,  21770,     22,   2827,
69.3,   2570,    258,      0,   6043,   2397,  10092,   8339,  43269,  43535,  45323,  21770,     23,   2827,
69.3,   2570,    258,      0,   6036,   2397,  10088,   8336,  43269,  43535,  45323,  21770,     24,   2827,
69.3,   2570,    258,      0,   6022,   2403,  10083,   8327,  43269,  43535,  45323,  21770,     25,   2827,
69.3,   2570,    258,      0,   6009,   2405,  10073,   8322,  43269,  43535,  45323,  21770,     26,   2827,
69.3,   2570,    258,      0,   6001,   2407,  10070,   8319,  43269,  43535,  45323,  21770,     27,   2827,
69.3,   2570,    258,      0,   6009,   2409,  10074,   8312,  43269,  43535,  45323,  21770,     28,   2827,
69.3,   2570,    258,      0,   6009,   2416,  10072,   8303,  43269,  43535,  45323,  21770,     29,   2827,
69.3,   2570,    258,      0,   6001,   2417,  10070,   8296,  43269,  43535,  45323,  21770,     30,   2827,
69.3,   2570,    258,      0,   5989,   2422,  10062,   8289,  43269,  43535,  45323,  21770,     31,   2827,
69.3,   2570,    258,      0,   5974,   2424,  10054,   8284,  43269,  43535,  45323,  21770,     32,   2827,
69.3,   2570,    258,      0,   5974,   2429,  10053,   8278,  43269,  43535,  45323,  21770,     33,   2827,
69.3,   2570,    258,      0,   5966,   2430,  10048,   8272,  43269,  43535,  45323,  21770,     34,   2827,
69.3,   2570,    258,      0,   5953,   2437,  10040,   8263,  43269,  43535,  45323,  21770,     35,   2827,
69.3,   2570,    258,      0,   5939,   2441,  10033,   8253,  43269,  43535,  45323,  21770,     36,   2827,
2.5,   2570,    258,      0,   2627,   2416,   8367,   8302,  43269,  43535,  45315,  21768,      1,   2827,
2.5,   2570,    258,      0,    930,   2409,   7648,   8315,  43269,  43535,  45315,  21768,      8,   2827,
2.5,   2570,    258,      0,    930,   2407,   7650,   8317,  43269,  43535,  45315,  21768,      9,   2827,
2.5,   2570,    258,      0,    930,   2405,   7651,   8320,  43269,  43535,  45315,  21768,     10,   2827,
2.5,   2570,    258,      0,    940,   2403,   7653,   8324,  43269,  43535,  45315,  21768,     11,   2827,
2.5,   2570,    258,      0,    940,   2402,   7653,   8331,  43269,  43535,  45315,  21768,     12,   2827,
2.5,   2570,    258,      0,    930,   2398,   7651,   8335,  43269,  43535,  45315,  21768,     13,   2827,
2.5,   2570,    258,      0,    930,   2397,   7650,   8336,  43269,  43535,  45315,  21768,     14,   2827,
2.5,   2570,    258,      0,    930,   2395,   7649,   8341,  43269,  43535,  45315,  21768,     15,   2827,
2.5,   2570,    258,      0,    940,   2393,   7652,   8347,  43269,  43535,  45315,  21768,     16,   2827,
2.5,   2570,    258,      0,    940,   2390,   7655,   8351,  43269,  43535,  45315,  21768,     17,   2827,
2.5,   2570,    258,      0,    940,   2387,   7653,   8357,  43269,  43535,  45315,  21768,     18,   2827,
2.5,   2570,    258,      0,    940,   2384,   7652,   8362,  43269,  43535,  45315,  21768,     19,   2827,
2.5,   2570,    258,      0,    949,   2383,   7656,   8367,  43269,  43535,  45315,  21768,     20,   2827,
2.5,   2570,    258,      0,    940,   2383,   7653,   8364,  43269,  43535,  45315,  21768,     21,   2827,
2.5,   2570,    258,      0,    949,   2379,   7658,   8371,  43269,  43535,  45315,  21768,     22,   2827,
2.5,   2570,    258,      0,    960,   2377,   7660,   8378,  43269,  43535,  45315,  21768,     23,   2827,
2.5,   2570,    258,      0,    960,   2377,   7660,   8379,  43269,  43535,  45315,  21768,     24,   2827,
2.5,   2570,    258,      0,    960,   2372,   7662,   8385,  43269,  43535,  45315,  21768,     25,   2827,
2.5,   2570,    258,      0,    960,   2369,   7662,   8389,  43269,  43535,  45315,  21768,     26,   2827,
2.5,   2570,    258,      0,    960,   2368,   7661,   8392,  43269,  43535,  45315,  21768,     27,   2827,
2.5,   2570,    258,      0,    970,   2368,   7664,   8394,  43269,  43535,  45315,  21768,     28,   2827,
2.5,   2570,    258,      0,    970,   2366,   7667,   8399,  43269,  43535,  45315,  21768,     29,   2827,
2.5,   2570,    258,      0,    970,   2361,   7667,   8405,  43269,  43535,  45315,  21768,     30,   2827,
2.5,   2570,    258,      0,    990,   2359,   7672,   8411,  43269,  43535,  45315,  21768,     31,   2827,
2.5,   2570,    258,      0,    981,   2357,   7670,   8413,  43269,  43535,  45315,  21768,     32,   2827,
2.5,   2570,    258,      0,    981,   2356,   7669,   8419,  43269,  43535,  45315,  21768,     33,   2827,
