69.3,   2570,    258,      0,   3439,   2305,   8736,   8515,  62604,  64770,   1717,  40237,      1,   2827,
69.3,   2570,    258,      0,   6524,   2325,  10379,   8475,  62604,  64770,   1717,  40237,     10,   2827,
69.3,   2570,    258,      0,   6511,   2329,  10368,   8470,  62604,  64770,   1717,  40237,     11,   2827,
69.3,   2570,    258,      0,   6491,   2330,  10359,   8464,  62604,  64770,   1717,  40237,     12,   2827,
69.3,   2570,    258,      0,   6472,   2336,  10345,   8453,  62604,  64770,   1717,  40237,     13,   2827,
69.3,   2570,    258,      0,   6458,   2338,  10339,   8450,  62604,  64770,   1717,  40237,     14,   2827,
69.3,   2570,    258,      0,   6451,   2343,  10332,   8442,  62604,  64770,   1717,  40237,     15,   2827,
69.3,   2570,    258,      0,   6444,   2343,  10330,   8442,  62604,  64770,   1717,  40237,     16,   2827,
69.3,   2570,    258,      0,   6451,   2344,  10335,   8437,  62604,  64770,   1717,  40237,     17,   2827,
69.3,   2570,    258,      0,   6438,   2351,  10326,   8426,  62604,  64770,   1717,  40237,     18,   2827,
69.3,   2570,    258,      0,   6424,   2352,  10316,   8422,  62604,  64770,   1717,  40237,     19,   2827,
69.3,   2570,    258,      0,   6418,   2352,  10315,   8420,  62604,  64770,   1717,  40237,     20,   2827,
69.3,   2570,    258,      0,   6411,   2359,  10310,   8409,  62604,  64770,   1717,  40237,     21,   2827,
69.3,   2570,    258,      0,   6411,   2361,  10309,   8407,  62604,  64770,   1717,  40237,     22,   2827,
69.3,   2570,    258,      0,   6411,   2368,  10311,   8393,  62604,  64770,   1717,  40237,     23,   2827,
69.3,   2570,    258,      0,   6418,   2369,  10314,   8391,  62604,  64770,   1717,  40237,     24,   2827,
69.3,   2570,    258,      0,   6418,   2374,  10314,   8383,  62604,  64770,   1717,  40237,     25,   2827,
69.3,   2570,    258,      0,   6418,   2374,  10312,   8381,  62604,  64770,   1717,  40237,     26,   2827,
69.3,   2570,    258,      0,   6404,   2378,  10307,   8372,  62604,  64770,   1717,  40237,     27,   2827,
69.3,   2570,    258,      0,   6391,   2384,  10296,   8363,  62604,  64770,   1717,  40237,     28,   2827,
69.3,   2570,    258,      0,   6371,   2388,  10287,   8354,  62604,  64770,   1717,  40237,     29,   2827,
69.3,   2570,    258,      0,   6391,   2390,  10299,   8350,  62604,  64770,   1717,  40237,     30,   2827,
69.3,   2570,    258,      0,   6391,   2393,  10298,   8344,  62604,  64770,   1717,  40237,     31,   2827,
69.3,   2570,    258,      0,   6371,   2398,  10287,   8333,  62604,  64770,   1717,  40237,     32,   2827,
69.3,   2570,    258,      0,   6364,   2402,  10281,   8330,  62604,  64770,   1717,  40237,     33,   2827,
69.3,   2570,    258,      0,   6351,   2405,  10275,   8320,  62604,  64770,   1717,  40237,     34,   2827,
69.3,   2570,    258,      0,   6357,   2412,  10277,   8308,  62604,  64770,   1717,  40237,     35,   2827,
2.9,   2570,    258,      0,   3225,   2212,   8636,   8693,  62605,  64770,   1717,  40237,      1,   2827,
2.9,   2570,    258,      0,   2077,   2198,   8124,   8723,  62605,  64770,   1717,  40237,     12,   2827,
2.9,   2570,    258,      0,   2077,   2198,   8127,   8723,  62605,  64770,   1717,  40237,     13,   2827,
2.9,   2570,    258,      0,   2077,   2193,   8125,   8731,  62605,  64770,   1717,  40237,     14,   2827,
2.9,   2570,    258,      0,   2068,   2191,   8122,   8735,  62605,  64770,   1717,  40237,     15,   2827,
2.9,   2570,    258,      0,   2097,   2189,   8133,   8739,  62605,  64770,   1717,  40237,     16,   2827,
2.9,   2570,    258,      0,   2077,   2189,   8126,   8737,  62605,  64770,   1717,  40237,     17,   2827,
2.9,   2570,    258,      0,   2097,   2187,   8135,   8741,  62605,  64770,   1717,  40237,     18,   2827,
2.9,   2570,    258,      0,   2088,   2183,   8130,   8749,  62605,  64770,   1717,  40237,     19,   2827,
2.9,   2570,    258,      0,   2097,   2181,   8134,   8753,  62605,  64770,   1717,  40237,     20,   2827,
2.9,   2570,    258,      0,   2097,   2181,   8135,   8755,  62605,  64770,   1717,  40237,     21,   2827,
2.9,   2570,    258,      0,   2088,   2179,   8130,   8757,  62605,  64770,   1717,  40237,     22,   2827,
2.9,   2570,    258,      0,   2097,   2179,   8133,   8758,  62605,  64770,   1717,  40237,     23,   2827,
2.9,   2570,    258,      0,   2097,   2174,   8132,   8765,  62605,  64770,   1717,  40237,     24,   2827,
2.9,   2570,    258,      0,   2097,   2174,   8133,   8765,  62605,  64770,   1717,  40237,     25,   2827,
2.9,   2570,    258,      0,   2097,   2172,   8134,   8768,  62605,  64770,   1717,  40237,     26,   2827,
2.9,   2570,    258,      0,   2106,   2168,   8139,   8778,  62605,  64770,   1717,  40237,     27,   2827,
2.9,   2570,    258,      0,   2115,   2168,   8142,   8778,  62605,  64770,   1717,  40237,     28,   2827,
2.9,   2570,    258,      0,   2106,   2164,   8138,   8786,  62605,  64770,   1717,  40237,     29,   2827,
2.9,   2570,    258,      0,   2115,   2162,   8143,   8791,  62605,  64770,   1717,  40237,     30,   2827,
2.9,   2570,    258,      0,   2124,   2160,   8145,   8793,  62605,  64770,   1717,  40237,     31,   2827,
2.9,   2570,    258,      0,   2124,   2160,   8144,   8792,  62605,  64770,   1717,  40237,     32,   2827,
2.9,   2570,    258,      0,   2124,   2155,   8145,   8803,  62605,  64770,   1717,  40237,     33,   2827,
2.9,   2570,    258,      0,   2124,   2155,   8145,   8801,  62605,  64770,   1717,  40237,     34,   2827,
2.9,   2570,    258,      0,   2133,   2152,   8150,   8810,  62605,  64770,   1717,  40237,     35,   2827,
2.9,   2570,    258,      0,   2124,   2152,   8146,   8811,  62605,  64770,   1717,  40237,     36,   2827,
2.9,   2570,    258,      0,   2133,   2150,   8148,   8813,  62605,  64770,   1717,  40237,     37,   2827,
35.8,   2570,    258,      0,   3516,   2243,   8772,   8634,  62604,  15618,   1717,  40237,      1,   2827,
35.8,   2570,    258,      0,   4192,   2251,   9100,   8618,  62604,  15618,   1717,  40237,     14,   2827,
35.8,   2570,    258,      0,   4183,   2251,   9099,   8619,  62604,  15618,   1717,  40237,     15,   2827,
35.8,   2570,    258,      0,   4183,   2253,   9096,   8614,  62604,  15618,   1717,  40237,     16,   2827,
35.8,   2570,    258,      0,   4176,   2254,   9094,   8611,  62604,  15618,   1717,  40237,     17,   2827,
35.8,   2570,    258,      0,   4176,   2253,   9094,   8614,  62604,  15618,   1717,  40237,     18,   2827,
35.8,   2570,    258,      0,   4176,   2257,   9092,   8605,  62604,  15618,   1717,  40237,     19,   2827,
35.8,   2570,    258,      0,   4176,   2260,   9093,   8602,  62604,  15618,   1717,  40237,     20,   2827,
35.8,   2570,    258,      0,   4176,   2260,   9095,   8603,  62604,  15618,   1717,  40237,     21,   2827,
35.8,   2570,    258,      0,   4176,   2261,   9095,   8599,  62604,  15618,   1717,  40237,     22,   2827,
35.8,   2570,    258,      0,   4167,   2257,   9091,   8604,  62604,  15618,   1717,  40237,     23,   2827,
35.8,   2570,    258,      0,   4167,   2260,   9091,   8600,  62604,  15618,   1717,  40237,     24,   2827,
35.8,   2570,    258,      0,   4176,   2261,   9094,   8599,  62604,  15618,   1717,  40237,     25,   2827,
35.8,   2570,    258,      0,   4176,   2261,   9093,   8597,  62604,  15618,   1717,  40237,     26,   2827,
35.8,   2570,    258,      0,   4167,   2261,   9091,   8598,  62604,  15618,   1717,  40237,     27,   2827,
35.8,   2570,    258,      0,   4167,   2266,   9089,   8591,  62604,  15618,   1717,  40237,     28,   2827,
35.8,   2570,    258,      0,   4176,   2266,   9092,   8589,  62604,  15618,   1717,  40237,     29,   2827,
35.8,   2570,    258,      0,   4159,   2266,   9087,   8591,  62604,  15618,   1717,  40237,     30,   2827,
35.8,   2570,    258,      0,   4159,   2269,   9087,   8582,  62604,  15618,   1717,  40237,     31,   2827,
35.8,   2570,    258,      0,   4152,   2266,   9083,   8590,  62604,  15618,   1717,  40237,     32,   2827,
35.8,   2570,    258,      0,   4167,   2268,   9090,   8586,  62604,  15618,   1717,  40237,     33,   2827,
35.8,   2570,    258,      0,   4152,   2272,   9080,   8576,  62604,  15618,   1717,  40237,     34,   2827,
35.8,   2570,    258,      0,   4152,   2275,   9081,   8574,  62604,  15618,   1717,  40237,     35,   2827,
35.8,   2570,    258,      0,   4135,   2275,   9075,   8574,  62604,  15618,   1717,  40237,     36,   2827,
35.8,   2570,    258,      0,   4159,   2275,   9085,   8572,  62604,  15618,   1717,  40237,     37,   2827,
35.8,   2570,    258,      0,   4152,   2276,   9082,   8571,  62604,  15618,   1717,  40237,     38,   2827,
35.8,   2570,    258,      0,   4152,   2276,   9083,   8571,  62604,  15618,   1717,  40237,     39,   2827,
