72.5,   2570,    258,      0,   4541,   2293,   9277,   8539,  26253,  35145,  16657,  51176,      1,   2827,
72.5,   2570,    258,      0,   7476,   2315,  10977,   8494,  26253,  35145,  16657,  51176,     11,   2827,
72.5,   2570,    258,      0,   7452,   2315,  10963,   8492,  26253,  35145,  16657,  51176,     12,   2827,
72.5,   2570,    258,      0,   7434,   2317,  10948,   8488,  26253,  35145,  16657,  51176,     13,   2827,
72.5,   2570,    258,      0,   7427,   2324,  10946,   8479,  26253,  35145,  16657,  51176,     14,   2827,
72.5,   2570,    258,      0,   7446,   2325,  10959,   8473,  26253,  35145,  16657,  51176,     15,   2827,
72.5,   2570,    258,      0,   7434,   2330,  10950,   8467,  26253,  35145,  16657,  51176,     16,   2827,
72.5,   2570,    258,      0,   7427,   2334,  10947,   8459,  26253,  35145,  16657,  51176,     17,   2827,
72.5,   2570,    258,      0,   7421,   2334,  10941,   8457,  26253,  35145,  16657,  51176,     18,   2827,
72.5,   2570,    258,      0,   7421,   2338,  10942,   8449,  26253,  35145,  16657,  51176,     19,   2827,
72.5,   2570,    258,      0,   7440,   2344,  10952,   8437,  26253,  35145,  16657,  51176,     20,   2827,
72.5,   2570,    258,      0,   7440,   2347,  10955,   8435,  26253,  35145,  16657,  51176,     21,   2827,
72.5,   2570,    258,      0,   7457,   2349,  10964,   8429,  26253,  35145,  16657,  51176,     22,   2827,
72.5,   2570,    258,      0,   7446,   2356,  10957,   8418,  26253,  35145,  16657,  51176,     23,   2827,
72.5,   2570,    258,      0,   7427,   2357,  10945,   8412,  26253,  35145,  16657,  51176,     24,   2827,
72.5,   2570,    258,      0,   7409,   2363,  10935,   8402,  26253,  35145,  16657,  51176,     25,   2827,
72.5,   2570,    258,      0,   7403,   2366,  10929,   8398,  26253,  35145,  16657,  51176,     26,   2827,
72.5,   2570,    258,      0,   7372,   2369,  10910,   8391,  26253,  35145,  16657,  51176,     27,   2827,
72.5,   2570,    258,      0,   7391,   2374,  10920,   8383,  26253,  35145,  16657,  51176,     28,   2827,
72.5,   2570,    258,      0,   7403,   2377,  10931,   8377,  26253,  35145,  16657,  51176,     29,   2827,
72.5,   2570,    258,      0,   7409,   2379,  10932,   8370,  26253,  35145,  16657,  51176,     30,   2827,
72.5,   2570,    258,      0,   7421,   2384,  10943,   8362,  26253,  35145,  16657,  51176,     31,   2827,
72.5,   2570,    258,      0,   7416,   2388,  10939,   8354,  26253,  35145,  16657,  51176,     32,   2827,
72.5,   2570,    258,      0,   7416,   2395,  10939,   8341,  26253,  35145,  16657,  51176,     33,   2827,
72.5,   2570,    258,      0,   7440,   2402,  10954,   8331,  26253,  35145,  16657,  51176,     34,   2827,
72.5,   2570,    258,      0,   7427,   2405,  10946,   8323,  26253,  35145,  16657,  51176,     35,   2827,
72.5,   2570,    258,      0,   7384,   2405,  10918,   8322,  26253,  35145,  16657,  51176,     36,   2827,
1.8,   2570,    258,      0,   4673,   2308,   9346,   8507,  26253,  51560,  16657,  51176,      1,   2827,
1.8,   2570,    258,      0,   3070,   2298,   8565,   8525,  26253,  51560,  16657,  51176,     10,   2827,
1.8,   2570,    258,      0,   3061,   2297,   8563,   8528,  26253,  51560,  16657,  51176,     11,   2827,
1.8,   2570,    258,      0,   3061,   2295,   8562,   8532,  26253,  51560,  16657,  51176,     12,   2827,
1.8,   2570,    258,      0,   3061,   2295,   8563,   8534,  26253,  51560,  16657,  51176,     13,   2827,
1.8,   2570,    258,      0,   3061,   2290,   8563,   8541,  26253,  51560,  16657,  51176,     14,   2827,
1.8,   2570,    258,      0,   3070,   2290,   8565,   8540,  26253,  51560,  16657,  51176,     15,   2827,
1.8,   2570,    258,      0,   3070,   2288,   8565,   8546,  26253,  51560,  16657,  51176,     16,   2827,
1.8,   2570,    258,      0,   3061,   2288,   8562,   8547,  26253,  51560,  16657,  51176,     17,   2827,
1.8,   2570,    258,      0,   3070,   2287,   8565,   8549,  26253,  51560,  16657,  51176,     18,   2827,
1.8,   2570,    258,      0,   3070,   2285,   8566,   8552,  26253,  51560,  16657,  51176,     19,   2827,
1.8,   2570,    258,      0,   3079,   2281,   8569,   8557,  26253,  51560,  16657,  51176,     20,   2827,
1.8,   2570,    258,      0,   3079,   2278,   8571,   8564,  26253,  51560,  16657,  51176,     21,   2827,
1.8,   2570,    258,      0,   3070,   2278,   8566,   8566,  26253,  51560,  16657,  51176,     22,   2827,
1.8,   2570,    258,      0,   3079,   2276,   8571,   8568,  26253,  51560,  16657,  51176,     23,   2827,
1.8,   2570,    258,      0,   3079,   2276,   8571,   8568,  26253,  51560,  16657,  51176,     24,   2827,
1.8,   2570,    258,      0,   3079,   2275,   8571,   8572,  26253,  51560,  16657,  51176,     25,   2827,
1.8,   2570,    258,      0,   3086,   2272,   8575,   8578,  26253,  51560,  16657,  51176,     26,   2827,
1.8,   2570,    258,      0,   3095,   2269,   8576,   8582,  26253,  51560,  16657,  51176,     27,   2827,
1.8,   2570,    258,      0,   3104,   2266,   8580,   8588,  26253,  51560,  16657,  51176,     28,   2827,
1.8,   2570,    258,      0,   3095,   2263,   8579,   8592,  26253,  51560,  16657,  51176,     29,   2827,
1.8,   2570,    258,      0,   3095,   2263,   8579,   8592,  26253,  51560,  16657,  51176,     30,   2827,
1.8,   2570,    258,      0,   3104,   2261,   8583,   8598,  26253,  51560,  16657,  51176,     31,   2827,
1.8,   2570,    258,      0,   3104,   2260,   8580,   8601,  26253,  51560,  16657,  51176,     32,   2827,
1.8,   2570,    258,      0,   3112,   2257,   8584,   8605,  26253,  51560,  16657,  51176,     33,   2827,
1.8,   2570,    258,      0,   3112,   2257,   8586,   8607,  26253,  51560,  16657,  51176,     34,   2827,
1.8,   2570,    258,      0,   3104,   2253,   8583,   8612,  26253,  51560,  16657,  51176,     35,   2827,
