24.1,   2570,    258,      0,   4038,   2395,   9026,   8343,  12428,  34399,  34045,  24953,      1,   2827,
24.1,   2570,    258,      0,   3733,   2387,   8878,   8356,  12428,  34399,  34045,  24953,     13,   2827,
24.1,   2570,    258,      0,   3741,   2387,   8880,   8358,  12428,  34399,  34045,  24953,     14,   2827,
24.1,   2570,    258,      0,   3733,   2387,   8876,   8359,  12428,  34399,  34045,  24953,     15,   2827,
24.1,   2570,    258,      0,   3725,   2384,   8875,   8361,  12428,  34399,  34045,  24953,     16,   2827,
24.1,   2570,    258,      0,   3725,   2387,   8874,   8358,  12428,  34399,  34045,  24953,     17,   2827,
24.1,   2570,    258,      0,   3717,   2383,   8871,   8364,  12428,  34399,  34045,  24953,     18,   2827,
24.1,   2570,    258,      0,   3717,   2384,   8871,   8362,  12428,  34399,  34045,  24953,     19,   2827,
24.1,   2570,    258,      0,   3717,   2384,   8871,   8363,  12428,  34399,  34045,  24953,     20,   2827,
24.1,   2570,    258,      0,   3709,   2387,   8866,   8359,  12428,  34399,  34045,  24953,     21,   2827,
24.1,   2570,    258,      0,   3717,   2387,   8869,   8359,  12428,  34399,  34045,  24953,     22,   2827,
24.1,   2570,    258,      0,   3717,   2384,   8868,   8360,  12428,  34399,  34045,  24953,     23,   2827,
24.1,   2570,    258,      0,   3717,   2384,   8869,   8361,  12428,  34399,  34045,  24953,     24,   2827,
24.1,   2570,    258,      0,   3701,   2384,   8862,   8360,  12428,  34399,  34045,  24953,     25,   2827,
24.1,   2570,    258,      0,   3701,   2387,   8863,   8358,  12428,  34399,  34045,  24953,     26,   2827,
24.1,   2570,    258,      0,   3709,   2387,   8866,   8356,  12428,  34399,  34045,  24953,     27,   2827,
24.1,   2570,    258,      0,   3709,   2387,   8864,   8357,  12428,  34399,  34045,  24953,     28,   2827,
24.1,   2570,    258,      0,   3701,   2387,   8863,   8359,  12428,  34399,  34045,  24953,     29,   2827,
24.1,   2570,    258,      0,   3701,   2387,   8862,   8357,  12428,  34399,  34045,  24953,     30,   2827,
24.1,   2570,    258,      0,   3701,   2387,   8863,   8357,  12428,  34399,  34045,  24953,     31,   2827,
24.1,   2570,    258,      0,   3701,   2387,   8862,   8358,  12428,  34399,  34045,  24953,     32,   2827,
24.1,   2570,    258,      0,   3701,   2388,   8861,   8355,  12428,  34399,  34045,  24953,     33,   2827,
24.1,   2570,    258,      0,   3701,   2384,   8860,   8360,  12428,  34399,  34045,  24953,     34,   2827,
24.1,   2570,    258,      0,   3692,   2387,   8859,   8356,  12428,  34399,  34045,  24953,     35,   2827,
24.1,   2570,    258,      0,   3692,   2388,   8858,   8355,  12428,  34399,  34045,  24953,     36,   2827,
24.1,   2570,    258,      0,   3701,   2388,   8863,   8352,  12428,  34399,  34045,  24953,     37,   2827,
24.1,   2570,    258,      0,   3692,   2388,   8859,   8355,  12428,  34399,  34045,  24953,     38,   2827,
