3.9,   2570,    265,      8,   2261,   7903,  61907,  49055,  25232,  15986,  26488,  50308,      3,   2827,
3.9,   2570,    265,      8,   2260,   7273,  61907,  49055,  25232,  15986,  26488,  50308,     19,   2827,
3.9,   2570,    265,      8,   2260,   7272,  61907,  49055,  25232,  15986,  26488,  50308,     20,   2827,
3.9,   2570,    265,      8,   2260,   7271,  61907,  49055,  25232,  15986,  26488,  50308,     21,   2827,
3.9,   2570,    265,      8,   2260,   7270,  61907,  49055,  25232,  15986,  26488,  50308,     22,   2827,
3.9,   2570,    265,      8,   2260,   7273,  61907,  49055,  25232,  15986,  26488,  50308,     23,   2827,
3.9,   2570,    265,      8,   2260,   7272,  61907,  49055,  25232,  15986,  26488,  50308,     24,   2827,
3.9,   2570,    265,      8,   2257,   7271,  61907,  49055,  25232,  15986,  26488,  50308,     25,   2827,
3.9,   2570,    265,      8,   2260,   7274,  61907,  49055,  25232,  15986,  26488,  50308,     26,   2827,
3.9,   2570,    265,      8,   2254,   7276,  61907,  49055,  25232,  15986,  26488,  50308,     27,   2827,
3.9,   2570,    265,      8,   2254,   7272,  61907,  49055,  25232,  15986,  26488,  50308,     28,   2827,
3.9,   2570,    265,      8,   2257,   7276,  61907,  49055,  25232,  15986,  26488,  50308,     29,   2827,
3.9,   2570,    265,      8,   2254,   7277,  61907,  49055,  25232,  15986,  26488,  50308,     30,   2827,
3.9,   2570,    265,      8,   2254,   7276,  61907,  49055,  25232,  15986,  26488,  50308,     31,   2827,
3.9,   2570,    265,      8,   2253,   7277,  61907,  49055,  25232,  15986,  26488,  50308,     32,   2827,
3.9,   2570,    265,      8,   2253,   7279,  61907,  49055,  25232,  15986,  26488,  50308,     33,   2827,
3.9,   2570,    265,      8,   2254,   7280,  61907,  49055,  25232,  15986,  26488,  50308,     34,   2827,
3.9,   2570,    265,      8,   2251,   7279,  61907,  49055,  25232,  15986,  26488,  50308,     35,   2827,
3.9,   2570,    265,      8,   2251,   7282,  61907,  49055,  25232,  15986,  26488,  50308,     36,   2827,
3.9,   2570,    265,      8,   2251,   7280,  61907,  49055,  25232,  15986,  26488,  50308,     37,   2827,
3.9,   2570,    265,      8,   2249,   7280,  61907,  49055,  25232,  15986,  26488,  50308,     38,   2827,
3.9,   2570,    265,      8,   2251,   7283,  61907,  49055,  25232,  15986,  26488,  50308,     39,   2827,
3.9,   2570,    265,      8,   2251,   7286,  61907,  49055,  25232,  15986,  26488,  50308,     40,   2827,
3.9,   2570,    265,      8,   2247,   7285,  61907,  49055,  25232,  15986,  26488,  50308,     41,   2827,
3.9,   2570,    265,      8,   2247,   7288,  61907,  49055,  25232,  15986,  26488,  50308,     42,   2827,
3.9,   2570,    265,      8,   2247,   7287,  61907,  49055,  25232,  15986,  26488,  50308,     43,   2827,
3.9,   2570,    265,      8,   2245,   7289,  61907,  49055,  25232,  15986,  26488,  50308,     44,   2827,
