2.6,   2570,    258,      0,   3516,   2228,   8774,   8663,  49749,  11182,  16391,  10900,      1,   2827,
2.6,   2570,    258,      0,   1975,   2222,   8081,   8672,  49749,  11182,  16391,  10900,      7,   2827,
2.6,   2570,    258,      0,   1947,   2220,   8069,   8678,  49749,  11182,  16391,  10900,      8,   2827,
2.6,   2570,    258,      0,   1938,   2220,   8065,   8678,  49749,  11182,  16391,  10900,      9,   2827,
2.6,   2570,    258,      0,   1919,   2220,   8059,   8679,  49749,  11182,  16391,  10900,     10,   2827,
2.6,   2570,    258,      0,   1910,   2218,   8053,   8683,  49749,  11182,  16391,  10900,     11,   2827,
2.6,   2570,    258,      0,   1910,   2214,   8055,   8688,  49749,  11182,  16391,  10900,     12,   2827,
2.6,   2570,    258,      0,   1910,   2214,   8053,   8688,  49749,  11182,  16391,  10900,     13,   2827,
2.6,   2570,    258,      0,   1910,   2214,   8053,   8689,  49749,  11182,  16391,  10900,     14,   2827,
2.6,   2570,    258,      0,   1899,   2214,   8048,   8688,  49749,  11182,  16391,  10900,     15,   2827,
2.6,   2570,    258,      0,   1899,   2214,   8048,   8688,  49749,  11182,  16391,  10900,     16,   2827,
2.6,   2570,    258,      0,   1899,   2212,   8050,   8694,  49749,  11182,  16391,  10900,     17,   2827,
2.6,   2570,    258,      0,   1891,   2212,   8047,   8692,  49749,  11182,  16391,  10900,     18,   2827,
2.6,   2570,    258,      0,   1882,   2212,   8043,   8695,  49749,  11182,  16391,  10900,     19,   2827,
2.6,   2570,    258,      0,   1891,   2210,   8045,   8698,  49749,  11182,  16391,  10900,     20,   2827,
2.6,   2570,    258,      0,   1891,   2208,   8044,   8700,  49749,  11182,  16391,  10900,     21,   2827,
2.6,   2570,    258,      0,   1891,   2210,   8045,   8697,  49749,  11182,  16391,  10900,     22,   2827,
2.6,   2570,    258,      0,   1891,   2208,   8045,   8701,  49749,  11182,  16391,  10900,     23,   2827,
2.6,   2570,    258,      0,   1891,   2206,   8044,   8705,  49749,  11182,  16391,  10900,     24,   2827,
2.6,   2570,    258,      0,   1891,   2204,   8045,   8709,  49749,  11182,  16391,  10900,     25,   2827,
2.6,   2570,    258,      0,   1891,   2206,   8044,   8707,  49749,  11182,  16391,  10900,     26,   2827,
2.6,   2570,    258,      0,   1891,   2204,   8047,   8711,  49749,  11182,  16391,  10900,     27,   2827,
2.6,   2570,    258,      0,   1891,   2201,   8047,   8713,  49749,  11182,  16391,  10900,     28,   2827,
2.6,   2570,    258,      0,   1891,   2201,   8047,   8713,  49749,  11182,  16391,  10900,     29,   2827,
2.6,   2570,    258,      0,   1899,   2201,   8048,   8715,  49749,  11182,  16391,  10900,     30,   2827,
2.6,   2570,    258,      0,   1891,   2199,   8046,   8718,  49749,  11182,  16391,  10900,     31,   2827,
2.6,   2570,    258,      0,   1899,   2199,   8049,   8718,  49749,  11182,  16391,  10900,     32,   2827,
2.6,   2570,    258,      0,   1891,   2198,   8047,   8721,  49749,  11182,  16391,  10900,     33,   2827,
36,   2570,    258,      0,   3355,   2251,   8699,   8616,  49749,  11182,  16391,  11924,      1,   2827,
36,   2570,    258,      0,   4119,   2269,   9064,   8582,  49749,  11182,  16391,  11924,     45,   2827,
36,   2570,    258,      0,   4119,   2269,   9065,   8581,  49749,  11182,  16391,  11924,     46,   2827,
36,   2570,    258,      0,   4104,   2272,   9057,   8578,  49749,  11182,  16391,  11924,     47,   2827,
36,   2570,    258,      0,   4094,   2272,   9055,   8576,  49749,  11182,  16391,  11924,     48,   2827,
36,   2570,    258,      0,   4094,   2275,   9055,   8573,  49749,  11182,  16391,  11924,     49,   2827,
36,   2570,    258,      0,   4094,   2275,   9053,   8573,  49749,  11182,  16391,  11924,     50,   2827,
36,   2570,    258,      0,   4086,   2276,   9051,   8571,  49749,  11182,  16391,  11924,     51,   2827,
36,   2570,    258,      0,   4086,   2276,   9051,   8568,  49749,  11182,  16391,  11924,     52,   2827,
36,   2570,    258,      0,   4086,   2278,   9050,   8566,  49749,  11182,  16391,  11924,     53,   2827,
36,   2570,    258,      0,   4094,   2278,   9053,   8565,  49749,  11182,  16391,  11924,     54,   2827,
36,   2570,    258,      0,   4086,   2278,   9048,   8564,  49749,  11182,  16391,  11924,     55,   2827,
36,   2570,    258,      0,   4079,   2280,   9045,   8562,  49749,  11182,  16391,  11924,     56,   2827,
36,   2570,    258,      0,   4086,   2280,   9050,   8563,  49749,  11182,  16391,  11924,     57,   2827,
36,   2570,    258,      0,   4079,   2281,   9047,   8556,  49749,  11182,  16391,  11924,     58,   2827,
36,   2570,    258,      0,   4079,   2280,   9046,   8560,  49749,  11182,  16391,  11924,     59,   2827,
36,   2570,    258,      0,   4079,   2285,   9044,   8554,  49749,  11182,  16391,  11924,     60,   2827,
36,   2570,    258,      0,   4070,   2287,   9043,   8551,  49749,  11182,  16391,  11924,     61,   2827,
36,   2570,    258,      0,   4070,   2287,   9042,   8551,  49749,  11182,  16391,  11924,     62,   2827,
36,   2570,    258,      0,   4070,   2287,   9041,   8550,  49749,  11182,  16391,  11924,     63,   2827,
36,   2570,    258,      0,   4070,   2288,   9041,   8547,  49749,  11182,  16391,  11924,     64,   2827,
36,   2570,    258,      0,   4079,   2290,   9045,   8541,  49749,  11182,  16391,  11924,     65,   2827,
36,   2570,    258,      0,   4104,   2290,   9057,   8543,  49749,  11182,  16391,  11924,     66,   2827,
36,   2570,    258,      0,   4094,   2293,   9054,   8537,  49749,  11182,  16391,  11924,     67,   2827,
36,   2570,    258,      0,   4094,   2293,   9055,   8539,  49749,  11182,  16391,  11924,     68,   2827,
36,   2570,    258,      0,   4094,   2295,   9052,   8535,  49749,  11182,  16391,  11924,     69,   2827,
36,   2570,    258,      0,   4086,   2295,   9049,   8532,  49749,  11182,  16391,  11924,     70,   2827,
71.1,   2570,    258,      0,   3406,   2257,   8722,   8604,  49749,  11182,  16391,  11924,      1,   2827,
71.1,   2570,    258,      0,   6584,   2280,  10415,   8562,  49749,  11182,  16391,  11924,     13,   2827,
71.1,   2570,    258,      0,   6570,   2281,  10406,   8557,  49749,  11182,  16391,  11924,     14,   2827,
71.1,   2570,    258,      0,   6557,   2287,  10396,   8548,  49749,  11182,  16391,  11924,     15,   2827,
71.1,   2570,    258,      0,   6557,   2290,  10396,   8542,  49749,  11182,  16391,  11924,     16,   2827,
71.1,   2570,    258,      0,   6557,   2290,  10396,   8540,  49749,  11182,  16391,  11924,     17,   2827,
71.1,   2570,    258,      0,   6584,   2295,  10412,   8535,  49749,  11182,  16391,  11924,     18,   2827,
71.1,   2570,    258,      0,   6617,   2298,  10432,   8524,  49749,  11182,  16391,  11924,     19,   2827,
71.1,   2570,    258,      0,   6577,   2304,  10409,   8518,  49749,  11182,  16391,  11924,     20,   2827,
71.1,   2570,    258,      0,   6544,   2305,  10391,   8514,  49749,  11182,  16391,  11924,     21,   2827,
71.1,   2570,    258,      0,   6537,   2307,  10384,   8509,  49749,  11182,  16391,  11924,     22,   2827,
71.1,   2570,    258,      0,   6551,   2311,  10393,   8502,  49749,  11182,  16391,  11924,     23,   2827,
71.1,   2570,    258,      0,   6570,   2315,  10406,   8492,  49749,  11182,  16391,  11924,     24,   2827,
71.1,   2570,    258,      0,   6564,   2320,  10402,   8485,  49749,  11182,  16391,  11924,     25,   2827,
71.1,   2570,    258,      0,   6564,   2322,  10400,   8483,  49749,  11182,  16391,  11924,     26,   2827,
71.1,   2570,    258,      0,   6537,   2329,  10387,   8471,  49749,  11182,  16391,  11924,     27,   2827,
71.1,   2570,    258,      0,   6518,   2329,  10375,   8471,  49749,  11182,  16391,  11924,     28,   2827,
71.1,   2570,    258,      0,   6511,   2330,  10369,   8465,  49749,  11182,  16391,  11924,     29,   2827,
71.1,   2570,    258,      0,   6497,   2336,  10361,   8454,  49749,  11182,  16391,  11924,     30,   2827,
71.1,   2570,    258,      0,   6491,   2338,  10358,   8450,  49749,  11182,  16391,  11924,     31,   2827,
71.1,   2570,    258,      0,   6497,   2340,  10363,   8444,  49749,  11182,  16391,  11924,     32,   2827,
71.1,   2570,    258,      0,   6518,   2347,  10373,   8434,  49749,  11182,  16391,  11924,     33,   2827,
71.1,   2570,    258,      0,   6518,   2351,  10375,   8427,  49749,  11182,  16391,  11924,     34,   2827,
71.1,   2570,    258,      0,   6518,   2352,  10373,   8421,  49749,  11182,  16391,  11924,     35,   2827,
71.1,   2570,    258,      0,   6511,   2357,  10371,   8413,  49749,  11182,  16391,  11924,     36,   2827,
71.1,   2570,    258,      0,   6497,   2361,  10363,   8404,  49749,  11182,  16391,  11924,     37,   2827,
71.1,   2570,    258,      0,   6491,   2363,  10357,   8400,  49749,  11182,  16391,  11924,     38,   2827,
