<<<<<<< HEAD
24.4,   2570,    258,      0,   2381,   2344,   8256,   8437,  12104,  34133,  41156,  31810,      1,   2827,
24.4,   2570,    258,      0,   2088,   2372,   8131,   8387,  12104,  34133,  41156,  31810,     20,   2827,
24.4,   2570,    258,      0,   2088,   2372,   8129,   8385,  12104,  34133,  41156,  31810,     21,   2827,
24.4,   2570,    258,      0,   2077,   2372,   8124,   8385,  12104,  34133,  41156,  31810,     22,   2827,
24.4,   2570,    258,      0,   2088,   2377,   8130,   8378,  12104,  34133,  41156,  31810,     23,   2827,
24.4,   2570,    258,      0,   2088,   2377,   8128,   8379,  12104,  34133,  41156,  31810,     24,   2827,
24.4,   2570,    258,      0,   2077,   2378,   8126,   8374,  12104,  34133,  41156,  31810,     25,   2827,
24.4,   2570,    258,      0,   2077,   2379,   8124,   8371,  12104,  34133,  41156,  31810,     26,   2827,
24.4,   2570,    258,      0,   2077,   2383,   8125,   8365,  12104,  34133,  41156,  31810,     27,   2827,
24.4,   2570,    258,      0,   2088,   2379,   8128,   8368,  12104,  34133,  41156,  31810,     28,   2827,
24.4,   2570,    258,      0,   2088,   2383,   8128,   8364,  12104,  34133,  41156,  31810,     29,   2827,
24.4,   2570,    258,      0,   2088,   2383,   8130,   8364,  12104,  34133,  41156,  31810,     30,   2827,
24.4,   2570,    258,      0,   2077,   2387,   8126,   8357,  12104,  34133,  41156,  31810,     31,   2827,
24.4,   2570,    258,      0,   2088,   2387,   8128,   8357,  12104,  34133,  41156,  31810,     32,   2827,
24.4,   2570,    258,      0,   2077,   2388,   8127,   8354,  12104,  34133,  41156,  31810,     33,   2827,
24.4,   2570,    258,      0,   2077,   2390,   8126,   8350,  12104,  34133,  41156,  31810,     34,   2827,
24.4,   2570,    258,      0,   2077,   2390,   8126,   8348,  12104,  34133,  41156,  31810,     35,   2827,
24.4,   2570,    258,      0,   2088,   2390,   8129,   8349,  12104,  34133,  41156,  31810,     36,   2827,
24.4,   2570,    258,      0,   2077,   2395,   8126,   8343,  12104,  34133,  41156,  31810,     37,   2827,
24.4,   2570,    258,      0,   2077,   2395,   8126,   8340,  12104,  34133,  41156,  31810,     38,   2827,
24.4,   2570,    258,      0,   2088,   2397,   8128,   8338,  12104,  34133,  41156,  31810,     39,   2827,
24.4,   2570,    258,      0,   2088,   2395,   8130,   8340,  12104,  34133,  41156,  31810,     40,   2827,
24.4,   2570,    258,      0,   2097,   2397,   8132,   8336,  12104,  34133,  41156,  31810,     41,   2827,
24.4,   2570,    258,      0,   2077,   2398,   8125,   8332,  12104,  34133,  41156,  31810,     42,   2827,
24.4,   2570,    258,      0,   2077,   2402,   8126,   8328,  12104,  34133,  41156,  31810,     43,   2827,
24.4,   2570,    258,      0,   2088,   2402,   8129,   8331,  12104,  34133,  41156,  31810,     44,   2827,
24.4,   2570,    258,      0,   2088,   2403,   8129,   8325,  12104,  34133,  41156,  31810,     45,   2827,
=======
60.0,   2570,    258,      0,   2464,   2366,   8294,   8399,  12104,  34133,  41664,  31810,      1,   2827,
60.0,   2570,    258,      0,   5189,   2388,   9619,   8352,  12104,  34133,  41664,  31810,     12,   2827,
60.0,   2570,    258,      0,   5152,   2393,   9599,   8346,  12104,  34133,  41664,  31810,     13,   2827,
60.0,   2570,    258,      0,   5129,   2393,   9584,   8344,  12104,  34133,  41664,  31810,     14,   2827,
60.0,   2570,    258,      0,   5107,   2395,   9575,   8340,  12104,  34133,  41664,  31810,     15,   2827,
60.0,   2570,    258,      0,   5099,   2402,   9570,   8331,  12104,  34133,  41664,  31810,     16,   2827,
60.0,   2570,    258,      0,   5092,   2403,   9566,   8324,  12104,  34133,  41664,  31810,     17,   2827,
60.0,   2570,    258,      0,   5077,   2403,   9559,   8326,  12104,  34133,  41664,  31810,     18,   2827,
60.0,   2570,    258,      0,   5062,   2405,   9550,   8322,  12104,  34133,  41664,  31810,     19,   2827,
60.0,   2570,    258,      0,   5062,   2407,   9549,   8316,  12104,  34133,  41664,  31810,     20,   2827,
60.0,   2570,    258,      0,   5069,   2412,   9555,   8308,  12104,  34133,  41664,  31810,     21,   2827,
60.0,   2570,    258,      0,   5062,   2416,   9551,   8301,  12104,  34133,  41664,  31810,     22,   2827,
60.0,   2570,    258,      0,   5062,   2417,   9550,   8297,  12104,  34133,  41664,  31810,     23,   2827,
60.0,   2570,    258,      0,   5054,   2420,   9544,   8295,  12104,  34133,  41664,  31810,     24,   2827,
60.0,   2570,    258,      0,   5047,   2424,   9541,   8287,  12104,  34133,  41664,  31810,     25,   2827,
60.0,   2570,    258,      0,   5040,   2426,   9538,   8283,  12104,  34133,  41664,  31810,     26,   2827,
60.0,   2570,    258,      0,   5047,   2429,   9543,   8279,  12104,  34133,  41664,  31810,     27,   2827,
60.0,   2570,    258,      0,   5054,   2433,   9547,   8269,  12104,  34133,  41664,  31810,     28,   2827,
60.0,   2570,    258,      0,   5040,   2434,   9539,   8264,  12104,  34133,  41664,  31810,     29,   2827,
60.0,   2570,    258,      0,   5024,   2439,   9528,   8259,  12104,  34133,  41664,  31810,     30,   2827,
60.0,   2570,    258,      0,   5009,   2441,   9521,   8252,  12104,  34133,  41664,  31810,     31,   2827,
60.0,   2570,    258,      0,   5009,   2445,   9523,   8245,  12104,  34133,  41664,  31810,     32,   2827,
60.0,   2570,    258,      0,   5032,   2449,   9532,   8236,  12104,  34133,  41664,  31810,     33,   2827,
60.0,   2570,    258,      0,   5054,   2452,   9544,   8235,  12104,  34133,  41664,  31810,     34,   2827,
60.0,   2570,    258,      0,   5047,   2456,   9543,   8226,  12104,  34133,  41664,  31810,     35,   2827,
60.0,   2570,    258,      0,   5032,   2460,   9533,   8218,  12104,  34133,  41664,  31810,     36,   2827,
60.0,   2570,    258,      0,   5016,   2462,   9525,   8214,  12104,  34133,  41664,  31810,     37,   2827,
>>>>>>> 452540c9efb0a1d9549ed013a5dea54903389b7d
