71.8,   2570,    258,      0,   3866,   2280,   8942,   8562,  12560,   2090,  25180,  35580,      1,   2827,
71.8,   2570,    258,      0,   7086,   2305,  10724,   8513,  12560,   2090,  25180,  35580,     11,   2827,
71.8,   2570,    258,      0,   7100,   2307,  10734,   8508,  12560,   2090,  25180,  35580,     12,   2827,
71.8,   2570,    258,      0,   7061,   2308,  10710,   8504,  12560,   2090,  25180,  35580,     13,   2827,
71.8,   2570,    258,      0,   7030,   2314,  10689,   8498,  12560,   2090,  25180,  35580,     14,   2827,
71.8,   2570,    258,      0,   7024,   2317,  10686,   8491,  12560,   2090,  25180,  35580,     15,   2827,
71.8,   2570,    258,      0,   7030,   2320,  10691,   8487,  12560,   2090,  25180,  35580,     16,   2827,
71.8,   2570,    258,      0,   7024,   2325,  10684,   8475,  12560,   2090,  25180,  35580,     17,   2827,
71.8,   2570,    258,      0,   7017,   2329,  10680,   8471,  12560,   2090,  25180,  35580,     18,   2827,
71.8,   2570,    258,      0,   7005,   2330,  10675,   8464,  12560,   2090,  25180,  35580,     19,   2827,
71.8,   2570,    258,      0,   6992,   2334,  10667,   8459,  12560,   2090,  25180,  35580,     20,   2827,
71.8,   2570,    258,      0,   6992,   2336,  10665,   8454,  12560,   2090,  25180,  35580,     21,   2827,
71.8,   2570,    258,      0,   6979,   2340,  10658,   8444,  12560,   2090,  25180,  35580,     22,   2827,
71.8,   2570,    258,      0,   6966,   2344,  10649,   8439,  12560,   2090,  25180,  35580,     23,   2827,
71.8,   2570,    258,      0,   6973,   2347,  10653,   8434,  12560,   2090,  25180,  35580,     24,   2827,
71.8,   2570,    258,      0,   6973,   2351,  10653,   8426,  12560,   2090,  25180,  35580,     25,   2827,
71.8,   2570,    258,      0,   6979,   2356,  10659,   8418,  12560,   2090,  25180,  35580,     26,   2827,
71.8,   2570,    258,      0,   6992,   2359,  10664,   8410,  12560,   2090,  25180,  35580,     27,   2827,
71.8,   2570,    258,      0,   6985,   2361,  10661,   8405,  12560,   2090,  25180,  35580,     28,   2827,
71.8,   2570,    258,      0,   6960,   2366,  10647,   8398,  12560,   2090,  25180,  35580,     29,   2827,
71.8,   2570,    258,      0,   6954,   2368,  10643,   8393,  12560,   2090,  25180,  35580,     30,   2827,
71.8,   2570,    258,      0,   6954,   2374,  10640,   8382,  12560,   2090,  25180,  35580,     31,   2827,
71.8,   2570,    258,      0,   6960,   2378,  10646,   8375,  12560,   2090,  25180,  35580,     32,   2827,
71.8,   2570,    258,      0,   6947,   2383,  10638,   8366,  12560,   2090,  25180,  35580,     33,   2827,
71.8,   2570,    258,      0,   6934,   2384,  10630,   8360,  12560,   2090,  25180,  35580,     34,   2827,
71.8,   2570,    258,      0,   6922,   2387,  10623,   8356,  12560,   2090,  25180,  35580,     35,   2827,
2.8,   2570,    258,      0,   3558,   2297,   8795,   8530,  14608,   2090,  25212,  35580,      1,   2827,
2.8,   2570,    258,      0,   2031,   2301,   8107,   8521,  14608,   2090,  25212,  35580,     80,   2827,
2.8,   2570,    258,      0,   2031,   2298,   8107,   8527,  14608,   2090,  25212,  35580,     81,   2827,
2.8,   2570,    258,      0,   2041,   2297,   8108,   8528,  14608,   2090,  25212,  35580,     82,   2827,
2.8,   2570,    258,      0,   2041,   2297,   8109,   8531,  14608,   2090,  25212,  35580,     83,   2827,
2.8,   2570,    258,      0,   2050,   2293,   8112,   8536,  14608,   2090,  25212,  35580,     84,   2827,
2.8,   2570,    258,      0,   2041,   2293,   8108,   8537,  14608,   2090,  25212,  35580,     85,   2827,
2.8,   2570,    258,      0,   2031,   2290,   8106,   8542,  14608,   2090,  25212,  35580,     86,   2827,
2.8,   2570,    258,      0,   2050,   2288,   8113,   8544,  14608,   2090,  25212,  35580,     87,   2827,
2.8,   2570,    258,      0,   2041,   2287,   8111,   8551,  14608,   2090,  25212,  35580,     88,   2827,
2.8,   2570,    258,      0,   2050,   2285,   8115,   8552,  14608,   2090,  25212,  35580,     89,   2827,
2.8,   2570,    258,      0,   2041,   2281,   8111,   8558,  14608,   2090,  25212,  35580,     90,   2827,
2.8,   2570,    258,      0,   2060,   2281,   8116,   8556,  14608,   2090,  25212,  35580,     91,   2827,
2.8,   2570,    258,      0,   2050,   2278,   8115,   8565,  14608,   2090,  25212,  35580,     92,   2827,
2.8,   2570,    258,      0,   2068,   2276,   8120,   8569,  14608,   2090,  25212,  35580,     93,   2827,
2.8,   2570,    258,      0,   2060,   2275,   8117,   8572,  14608,   2090,  25212,  35580,     94,   2827,
2.8,   2570,    258,      0,   2068,   2272,   8120,   8577,  14608,   2090,  25212,  35580,     95,   2827,
2.8,   2570,    258,      0,   2068,   2272,   8121,   8578,  14608,   2090,  25212,  35580,     96,   2827,
2.8,   2570,    258,      0,   2068,   2269,   8121,   8583,  14608,   2090,  25212,  35580,     97,   2827,
2.8,   2570,    258,      0,   2068,   2268,   8123,   8586,  14608,   2090,  25212,  35580,     98,   2827,
2.8,   2570,    258,      0,   2068,   2266,   8123,   8588,  14608,   2090,  25212,  35580,     99,   2827,
2.8,   2570,    258,      0,   2077,   2263,   8125,   8593,  14608,   2090,  25212,  35580,    100,   2827,
2.8,   2570,    258,      0,   2077,   2260,   8126,   8600,  14608,   2090,  25212,  35580,    101,   2827,
2.8,   2570,    258,      0,   2077,   2257,   8127,   8604,  14608,   2090,  25212,  35580,    102,   2827,
2.8,   2570,    258,      0,   2088,   2257,   8130,   8606,  14608,   2090,  25212,  35580,    103,   2827,
2.8,   2570,    258,      0,   2097,   2254,   8133,   8609,  14608,   2090,  25212,  35580,    104,   2827,
2.8,   2570,    258,      0,   2088,   2253,   8130,   8613,  14608,   2090,  25212,  35580,    105,   2827,
