<<<<<<< HEAD
23.9,   2570,    258,      0,   4135,   2623,   9073,   7909,  45860,   9958,  60106,  59121,      1,   2827,
23.9,   2570,    258,      0,   3431,   2612,   8732,   7930,  45860,   9958,  60106,  59121,     10,   2827,
23.9,   2570,    258,      0,   3423,   2611,   8731,   7933,  45860,   9958,  60106,  59121,     11,   2827,
23.9,   2570,    258,      0,   3431,   2608,   8732,   7936,  45860,   9958,  60106,  59121,     12,   2827,
23.9,   2570,    258,      0,   3413,   2608,   8725,   7937,  45860,   9958,  60106,  59121,     13,   2827,
23.9,   2570,    258,      0,   3423,   2608,   8730,   7939,  45860,   9958,  60106,  59121,     14,   2827,
23.9,   2570,    258,      0,   3413,   2608,   8725,   7937,  45860,   9958,  60106,  59121,     15,   2827,
23.9,   2570,    258,      0,   3413,   2608,   8725,   7939,  45860,   9958,  60106,  59121,     16,   2827,
23.9,   2570,    258,      0,   3406,   2606,   8721,   7942,  45860,   9958,  60106,  59121,     17,   2827,
23.9,   2570,    258,      0,   3406,   2608,   8721,   7937,  45860,   9958,  60106,  59121,     18,   2827,
23.9,   2570,    258,      0,   3396,   2606,   8716,   7941,  45860,   9958,  60106,  59121,     19,   2827,
23.9,   2570,    258,      0,   3406,   2604,   8721,   7944,  45860,   9958,  60106,  59121,     20,   2827,
23.9,   2570,    258,      0,   3388,   2606,   8715,   7943,  45860,   9958,  60106,  59121,     21,   2827,
23.9,   2570,    258,      0,   3396,   2604,   8719,   7944,  45860,   9958,  60106,  59121,     22,   2827,
23.9,   2570,    258,      0,   3396,   2602,   8719,   7948,  45860,   9958,  60106,  59121,     23,   2827,
23.9,   2570,    258,      0,   3396,   2602,   8718,   7949,  45860,   9958,  60106,  59121,     24,   2827,
23.9,   2570,    258,      0,   3396,   2602,   8716,   7948,  45860,   9958,  60106,  59121,     25,   2827,
23.9,   2570,    258,      0,   3380,   2602,   8711,   7949,  45860,   9958,  60106,  59121,     26,   2827,
23.9,   2570,    258,      0,   3388,   2599,   8714,   7952,  45860,   9958,  60106,  59121,     27,   2827,
23.9,   2570,    258,      0,   3380,   2602,   8711,   7950,  45860,   9958,  60106,  59121,     28,   2827,
23.9,   2570,    258,      0,   3388,   2602,   8713,   7950,  45860,   9958,  60106,  59121,     29,   2827,
23.9,   2570,    258,      0,   3380,   2602,   8709,   7949,  45860,   9958,  60106,  59121,     30,   2827,
23.9,   2570,    258,      0,   3380,   2602,   8710,   7951,  45860,   9958,  60106,  59121,     31,   2827,
23.9,   2570,    258,      0,   3388,   2599,   8712,   7954,  45860,   9958,  60106,  59121,     32,   2827,
23.9,   2570,    258,      0,   3371,   2602,   8705,   7951,  45860,   9958,  60106,  59121,     33,   2827,
23.9,   2570,    258,      0,   3380,   2599,   8708,   7953,  45860,   9958,  60106,  59121,     34,   2827,
23.9,   2570,    258,      0,   3380,   2599,   8709,   7952,  45860,   9958,  60106,  59121,     35,   2827,
=======
60.2,   2570,    258,      0,   3800,   2305,   8910,   8515,  46884,   9926,  60106,  59121,      1,   2827,
60.2,   2570,    258,      0,   6161,   2343,  10161,   8440,  46884,   9926,  60106,  59121,     16,   2827,
60.2,   2570,    258,      0,   6147,   2344,  10153,   8436,  46884,   9926,  60106,  59121,     17,   2827,
60.2,   2570,    258,      0,   6141,   2349,  10148,   8430,  46884,   9926,  60106,  59121,     18,   2827,
60.2,   2570,    258,      0,   6133,   2351,  10146,   8424,  46884,   9926,  60106,  59121,     19,   2827,
60.2,   2570,    258,      0,   6147,   2352,  10154,   8422,  46884,   9926,  60106,  59121,     20,   2827,
60.2,   2570,    258,      0,   6153,   2356,  10156,   8416,  46884,   9926,  60106,  59121,     21,   2827,
60.2,   2570,    258,      0,   6147,   2359,  10153,   8408,  46884,   9926,  60106,  59121,     22,   2827,
60.2,   2570,    258,      0,   6147,   2359,  10155,   8408,  46884,   9926,  60106,  59121,     23,   2827,
60.2,   2570,    258,      0,   6147,   2366,  10153,   8397,  46884,   9926,  60106,  59121,     24,   2827,
60.2,   2570,    258,      0,   6141,   2369,  10150,   8391,  46884,   9926,  60106,  59121,     25,   2827,
60.2,   2570,    258,      0,   6133,   2369,  10144,   8388,  46884,   9926,  60106,  59121,     26,   2827,
60.2,   2570,    258,      0,   6112,   2374,  10135,   8383,  46884,   9926,  60106,  59121,     27,   2827,
60.2,   2570,    258,      0,   6091,   2377,  10123,   8376,  46884,   9926,  60106,  59121,     28,   2827,
60.2,   2570,    258,      0,   6091,   2379,  10122,   8370,  46884,   9926,  60106,  59121,     29,   2827,
60.2,   2570,    258,      0,   6091,   2384,  10123,   8362,  46884,   9926,  60106,  59121,     30,   2827,
60.2,   2570,    258,      0,   6078,   2384,  10112,   8362,  46884,   9926,  60106,  59121,     31,   2827,
60.2,   2570,    258,      0,   6065,   2390,  10104,   8349,  46884,   9926,  60106,  59121,     32,   2827,
60.2,   2570,    258,      0,   6043,   2390,  10094,   8348,  46884,   9926,  60106,  59121,     33,   2827,
60.2,   2570,    258,      0,   6043,   2397,  10092,   8339,  46884,   9926,  60106,  59121,     34,   2827,
60.2,   2570,    258,      0,   6030,   2398,  10087,   8334,  46884,   9926,  60106,  59121,     35,   2827,
60.2,   2570,    258,      0,   6036,   2402,  10090,   8328,  46884,   9926,  60106,  59121,     36,   2827,
60.2,   2570,    258,      0,   6030,   2403,  10086,   8324,  46884,   9926,  60106,  59121,     37,   2827,
60.2,   2570,    258,      0,   6022,   2407,  10081,   8318,  46884,   9926,  60106,  59121,     38,   2827,
60.2,   2570,    258,      0,   6022,   2412,  10081,   8310,  46884,   9926,  60106,  59121,     39,   2827,
60.2,   2570,    258,      0,   6022,   2413,  10082,   8304,  46884,   9926,  60106,  59121,     40,   2827,
60.2,   2570,    258,      0,   6022,   2417,  10081,   8299,  46884,   9926,  60106,  59121,     41,   2827,
>>>>>>> 452540c9efb0a1d9549ed013a5dea54903389b7d
