69.6,   2570,    258,      0,   2600,   2372,   8353,   8385,  43551,  47154,  10547,  46481,      1,   2827,
69.6,   2570,    258,      0,   5883,   2395,  10003,   8342,  43551,  47154,  10547,  46481,     13,   2827,
69.6,   2570,    258,      0,   5847,   2398,   9982,   8335,  43551,  47154,  10547,  46481,     14,   2827,
69.6,   2570,    258,      0,   5826,   2397,   9971,   8336,  43551,  47154,  10547,  46481,     15,   2827,
69.6,   2570,    258,      0,   5820,   2398,   9964,   8333,  43551,  47154,  10547,  46481,     16,   2827,
69.6,   2570,    258,      0,   5812,   2403,   9962,   8325,  43551,  47154,  10547,  46481,     17,   2827,
69.6,   2570,    258,      0,   5805,   2405,   9957,   8321,  43551,  47154,  10547,  46481,     18,   2827,
69.6,   2570,    258,      0,   5812,   2407,   9962,   8319,  43551,  47154,  10547,  46481,     19,   2827,
69.6,   2570,    258,      0,   5812,   2409,   9960,   8313,  43551,  47154,  10547,  46481,     20,   2827,
69.6,   2570,    258,      0,   5798,   2412,   9953,   8308,  43551,  47154,  10547,  46481,     21,   2827,
69.6,   2570,    258,      0,   5777,   2413,   9940,   8305,  43551,  47154,  10547,  46481,     22,   2827,
69.6,   2570,    258,      0,   5763,   2416,   9932,   8302,  43551,  47154,  10547,  46481,     23,   2827,
69.6,   2570,    258,      0,   5763,   2417,   9934,   8296,  43551,  47154,  10547,  46481,     24,   2827,
69.6,   2570,    258,      0,   5770,   2422,   9938,   8289,  43551,  47154,  10547,  46481,     25,   2827,
69.6,   2570,    258,      0,   5770,   2424,   9939,   8287,  43551,  47154,  10547,  46481,     26,   2827,
69.6,   2570,    258,      0,   5798,   2430,   9954,   8273,  43551,  47154,  10547,  46481,     27,   2827,
69.6,   2570,    258,      0,   5820,   2433,   9965,   8270,  43551,  47154,  10547,  46481,     28,   2827,
69.6,   2570,    258,      0,   5826,   2437,   9970,   8261,  43551,  47154,  10547,  46481,     29,   2827,
69.6,   2570,    258,      0,   5805,   2441,   9957,   8255,  43551,  47154,  10547,  46481,     30,   2827,
69.6,   2570,    258,      0,   5784,   2442,   9944,   8248,  43551,  47154,  10547,  46481,     31,   2827,
69.6,   2570,    258,      0,   5763,   2448,   9935,   8241,  43551,  47154,  10547,  46481,     32,   2827,
69.6,   2570,    258,      0,   5735,   2452,   9919,   8232,  43551,  47154,  10547,  46481,     33,   2827,
69.6,   2570,    258,      0,   5735,   2453,   9919,   8228,  43551,  47154,  10547,  46481,     34,   2827,
69.6,   2570,    258,      0,   5735,   2457,   9919,   8222,  43551,  47154,  10547,  46481,     35,   2827,
69.6,   2570,    258,      0,   5742,   2462,   9920,   8214,  43551,  47154,  10547,  46481,     36,   2827,
69.6,   2570,    258,      0,   5742,   2464,   9920,   8208,  43551,  47154,  10547,  46481,     37,   2827,
69.6,   2570,    258,      0,   5742,   2470,   9922,   8197,  43551,  47154,  10547,  46481,     38,   2827,
