69.4,   2570,    258,      0,   3566,   2304,   8799,   8519,  36921,  33269,  36480,  40996,      1,   2827,
69.4,   2570,    258,      0,   6438,   2320,  10325,   8484,  36921,  33269,  36480,  40996,      9,   2827,
69.4,   2570,    258,      0,   6424,   2324,  10316,   8476,  36921,  33269,  36480,  40996,     10,   2827,
69.4,   2570,    258,      0,   6438,   2325,  10327,   8474,  36921,  33269,  36480,  40996,     11,   2827,
69.4,   2570,    258,      0,   6472,   2332,  10344,   8463,  36921,  33269,  36480,  40996,     12,   2827,
69.4,   2570,    258,      0,   6484,   2336,  10354,   8454,  36921,  33269,  36480,  40996,     13,   2827,
69.4,   2570,    258,      0,   6458,   2338,  10336,   8448,  36921,  33269,  36480,  40996,     14,   2827,
69.4,   2570,    258,      0,   6418,   2343,  10314,   8442,  36921,  33269,  36480,  40996,     15,   2827,
69.4,   2570,    258,      0,   6397,   2344,  10302,   8438,  36921,  33269,  36480,  40996,     16,   2827,
69.4,   2570,    258,      0,   6397,   2347,  10300,   8433,  36921,  33269,  36480,  40996,     17,   2827,
69.4,   2570,    258,      0,   6351,   2351,  10275,   8427,  36921,  33269,  36480,  40996,     18,   2827,
69.4,   2570,    258,      0,   6336,   2352,  10265,   8420,  36921,  33269,  36480,  40996,     19,   2827,
69.4,   2570,    258,      0,   6371,   2357,  10286,   8413,  36921,  33269,  36480,  40996,     20,   2827,
69.4,   2570,    258,      0,   6397,   2361,  10303,   8405,  36921,  33269,  36480,  40996,     21,   2827,
69.4,   2570,    258,      0,   6418,   2363,  10312,   8400,  36921,  33269,  36480,  40996,     22,   2827,
69.4,   2570,    258,      0,   6391,   2369,  10297,   8390,  36921,  33269,  36480,  40996,     23,   2827,
69.4,   2570,    258,      0,   6384,   2372,  10293,   8385,  36921,  33269,  36480,  40996,     24,   2827,
69.4,   2570,    258,      0,   6411,   2377,  10308,   8378,  36921,  33269,  36480,  40996,     25,   2827,
69.4,   2570,    258,      0,   6371,   2378,  10287,   8372,  36921,  33269,  36480,  40996,     26,   2827,
69.4,   2570,    258,      0,   6330,   2383,  10261,   8364,  36921,  33269,  36480,  40996,     27,   2827,
69.4,   2570,    258,      0,   6317,   2387,  10252,   8358,  36921,  33269,  36480,  40996,     28,   2827,
69.4,   2570,    258,      0,   6323,   2390,  10256,   8349,  36921,  33269,  36480,  40996,     29,   2827,
69.4,   2570,    258,      0,   6364,   2395,  10280,   8342,  36921,  33269,  36480,  40996,     30,   2827,
69.4,   2570,    258,      0,   6371,   2398,  10284,   8333,  36921,  33269,  36480,  40996,     31,   2827,
69.4,   2570,    258,      0,   6357,   2403,  10277,   8326,  36921,  33269,  36480,  40996,     32,   2827,
69.4,   2570,    258,      0,   6330,   2407,  10260,   8317,  36921,  33269,  36480,  40996,     33,   2827,
69.4,   2570,    258,      0,   6323,   2412,  10256,   8308,  36921,  33269,  36480,  40996,     34,   2827,
2.6,   2570,    258,      0,   3234,   2390,   8640,   8349,  53821,  34293,  34434,  40996,      1,   2827,
2.6,   2570,    258,      0,   3225,   2393,   8638,   8347,  53821,  34293,  34434,  40996,      3,   2827,
2.6,   2570,    258,      0,   3225,   2390,   8637,   8349,  53821,  34293,  34434,  40996,      4,   2827,
2.6,   2570,    258,      0,   3225,   2393,   8637,   8345,  53821,  34293,  34434,  40996,      5,   2827,
2.6,   2570,    258,      0,   3225,   2393,   8637,   8346,  53821,  34293,  34434,  40996,      6,   2827,
2.6,   2570,    258,      0,   3217,   2390,   8634,   8349,  53821,  34293,  34434,  40996,      7,   2827,
2.6,   2570,    258,      0,   3225,   2393,   8636,   8345,  53821,  34293,  34434,  40996,      8,   2827,
2.6,   2570,    258,      0,   3217,   2390,   8634,   8350,  53821,  34293,  34434,  40996,      9,   2827,
2.6,   2570,    258,      0,   3208,   2393,   8628,   8347,  53821,  34293,  34434,  40996,     10,   2827,
2.6,   2570,    258,      0,   3208,   2390,   8631,   8351,  53821,  34293,  34434,  40996,     11,   2827,
2.6,   2570,    258,      0,   3217,   2390,   8635,   8351,  53821,  34293,  34434,  40996,     12,   2827,
2.6,   2570,    258,      0,   3225,   2390,   8637,   8348,  53821,  34293,  34434,  40996,     13,   2827,
2.6,   2570,    258,      0,   3217,   2390,   8634,   8349,  53821,  34293,  34434,  40996,     14,   2827,
2.6,   2570,    258,      0,   3225,   2390,   8636,   8348,  53821,  34293,  34434,  40996,     15,   2827,
2.6,   2570,    258,      0,   3217,   2390,   8635,   8350,  53821,  34293,  34434,  40996,     16,   2827,
2.6,   2570,    258,      0,   3217,   2390,   8633,   8348,  53821,  34293,  34434,  40996,     17,   2827,
2.6,   2570,    258,      0,   3217,   2390,   8632,   8349,  53821,  34293,  34434,  40996,     18,   2827,
2.6,   2570,    258,      0,   3217,   2393,   8632,   8347,  53821,  34293,  34434,  40996,     19,   2827,
2.6,   2570,    258,      0,   3217,   2390,   8633,   8349,  53821,  34293,  34434,  40996,     20,   2827,
2.6,   2570,    258,      0,   3208,   2393,   8630,   8346,  53821,  34293,  34434,  40996,     21,   2827,
2.6,   2570,    258,      0,   3217,   2390,   8632,   8349,  53821,  34293,  34434,  40996,     22,   2827,
2.6,   2570,    258,      0,   3191,   2390,   8622,   8348,  53821,  34293,  34434,  40996,     23,   2827,
2.6,   2570,    258,      0,   3191,   2393,   8623,   8347,  53821,  34293,  34434,  40996,     24,   2827,
2.6,   2570,    258,      0,   3199,   2390,   8624,   8349,  53821,  34293,  34434,  40996,     25,   2827,
2.6,   2570,    258,      0,   3182,   2390,   8616,   8349,  53821,  34293,  34434,  40996,     26,   2827,
2.6,   2570,    258,      0,   3191,   2393,   8623,   8345,  53821,  34293,  34434,  40996,     27,   2827,
2.6,   2570,    258,      0,   3191,   2393,   8620,   8346,  53821,  34293,  34434,  40996,     28,   2827,
2.6,   2570,    258,      0,   3182,   2390,   8616,   8349,  53821,  34293,  34434,  40996,     29,   2827,
35.5,   2570,    258,      0,   3329,   2218,   8685,   8681,  33725,  33269,  36480,  41248,      1,   2827,
35.5,   2570,    258,      0,   4038,   2222,   9025,   8673,  33725,  33269,  36480,  41248,     11,   2827,
35.5,   2570,    258,      0,   4022,   2224,   9019,   8669,  33725,  33269,  36480,  41248,     12,   2827,
35.5,   2570,    258,      0,   4022,   2224,   9016,   8668,  33725,  33269,  36480,  41248,     13,   2827,
35.5,   2570,    258,      0,   4014,   2226,   9013,   8667,  33725,  33269,  36480,  41248,     14,   2827,
35.5,   2570,    258,      0,   4005,   2226,   9011,   8664,  33725,  33269,  36480,  41248,     15,   2827,
35.5,   2570,    258,      0,   4005,   2226,   9010,   8665,  33725,  33269,  36480,  41248,     16,   2827,
35.5,   2570,    258,      0,   4014,   2226,   9012,   8664,  33725,  33269,  36480,  41248,     17,   2827,
35.5,   2570,    258,      0,   4005,   2228,   9008,   8661,  33725,  33269,  36480,  41248,     18,   2827,
35.5,   2570,    258,      0,   3998,   2228,   9007,   8662,  33725,  33269,  36480,  41248,     19,   2827,
35.5,   2570,    258,      0,   3998,   2230,   9007,   8659,  33725,  33269,  36480,  41248,     20,   2827,
35.5,   2570,    258,      0,   3998,   2232,   9004,   8655,  33725,  33269,  36480,  41248,     21,   2827,
35.5,   2570,    258,      0,   3998,   2232,   9004,   8652,  33725,  33269,  36480,  41248,     22,   2827,
35.5,   2570,    258,      0,   3998,   2232,   9004,   8653,  33725,  33269,  36480,  41248,     23,   2827,
35.5,   2570,    258,      0,   3989,   2232,   9002,   8654,  33725,  33269,  36480,  41248,     24,   2827,
35.5,   2570,    258,      0,   3980,   2232,   8999,   8652,  33725,  33269,  36480,  41248,     25,   2827,
35.5,   2570,    258,      0,   3980,   2236,   8999,   8646,  33725,  33269,  36480,  41248,     26,   2827,
35.5,   2570,    258,      0,   3989,   2236,   9001,   8645,  33725,  33269,  36480,  41248,     27,   2827,
35.5,   2570,    258,      0,   3980,   2234,   8997,   8648,  33725,  33269,  36480,  41248,     28,   2827,
35.5,   2570,    258,      0,   3980,   2238,   8996,   8642,  33725,  33269,  36480,  41248,     29,   2827,
35.5,   2570,    258,      0,   3980,   2241,   8997,   8639,  33725,  33269,  36480,  41248,     30,   2827,
35.5,   2570,    258,      0,   3980,   2241,   8998,   8637,  33725,  33269,  36480,  41248,     31,   2827,
35.5,   2570,    258,      0,   3980,   2241,   8998,   8637,  33725,  33269,  36480,  41248,     32,   2827,
35.5,   2570,    258,      0,   3980,   2241,   8997,   8637,  33725,  33269,  36480,  41248,     33,   2827,
35.5,   2570,    258,      0,   3980,   2243,   8999,   8634,  33725,  33269,  36480,  41248,     34,   2827,
35.5,   2570,    258,      0,   3989,   2243,   9003,   8634,  33725,  33269,  36480,  41248,     35,   2827,
35.5,   2570,    258,      0,   3980,   2247,   8999,   8626,  33725,  33269,  36480,  41248,     36,   2827,
