68.5,   2570,    258,      0,   1891,   2305,   8044,   8514,  54295,  45599,  39030,  40991,      1,   2827,
68.5,   2570,    258,      0,   5322,   2329,   9688,   8471,  54295,  45599,  39030,  40991,     12,   2827,
68.5,   2570,    258,      0,   5308,   2332,   9680,   8463,  54295,  45599,  39030,  40991,     13,   2827,
68.5,   2570,    258,      0,   5286,   2332,   9670,   8460,  54295,  45599,  39030,  40991,     14,   2827,
68.5,   2570,    258,      0,   5286,   2334,   9669,   8457,  54295,  45599,  39030,  40991,     15,   2827,
68.5,   2570,    258,      0,   5286,   2340,   9671,   8447,  54295,  45599,  39030,  40991,     16,   2827,
68.5,   2570,    258,      0,   5293,   2343,   9674,   8441,  54295,  45599,  39030,  40991,     17,   2827,
68.5,   2570,    258,      0,   5308,   2347,   9680,   8434,  54295,  45599,  39030,  40991,     18,   2827,
68.5,   2570,    258,      0,   5293,   2351,   9673,   8427,  54295,  45599,  39030,  40991,     19,   2827,
68.5,   2570,    258,      0,   5271,   2352,   9662,   8422,  54295,  45599,  39030,  40991,     20,   2827,
68.5,   2570,    258,      0,   5255,   2356,   9655,   8419,  54295,  45599,  39030,  40991,     21,   2827,
68.5,   2570,    258,      0,   5249,   2359,   9651,   8409,  54295,  45599,  39030,  40991,     22,   2827,
68.5,   2570,    258,      0,   5234,   2361,   9640,   8404,  54295,  45599,  39030,  40991,     23,   2827,
68.5,   2570,    258,      0,   5219,   2363,   9635,   8401,  54295,  45599,  39030,  40991,     24,   2827,
68.5,   2570,    258,      0,   5227,   2366,   9637,   8396,  54295,  45599,  39030,  40991,     25,   2827,
68.5,   2570,    258,      0,   5227,   2372,   9638,   8387,  54295,  45599,  39030,  40991,     26,   2827,
68.5,   2570,    258,      0,   5234,   2374,   9642,   8380,  54295,  45599,  39030,  40991,     27,   2827,
68.5,   2570,    258,      0,   5234,   2378,   9641,   8372,  54295,  45599,  39030,  40991,     28,   2827,
68.5,   2570,    258,      0,   5241,   2379,   9645,   8368,  54295,  45599,  39030,  40991,     29,   2827,
68.5,   2570,    258,      0,   5234,   2384,   9640,   8361,  54295,  45599,  39030,  40991,     30,   2827,
68.5,   2570,    258,      0,   5227,   2390,   9637,   8351,  54295,  45599,  39030,  40991,     31,   2827,
68.5,   2570,    258,      0,   5212,   2393,   9628,   8345,  54295,  45599,  39030,  40991,     32,   2827,
68.5,   2570,    258,      0,   5182,   2397,   9615,   8339,  54295,  45599,  39030,  40991,     33,   2827,
68.5,   2570,    258,      0,   5182,   2397,   9613,   8336,  54295,  45599,  39030,  40991,     34,   2827,
68.5,   2570,    258,      0,   5167,   2403,   9607,   8326,  54295,  45599,  39030,  40991,     35,   2827,
68.5,   2570,    258,      0,   5159,   2405,   9601,   8320,  54295,  45599,  39030,  40991,     36,   2827,
68.5,   2570,    258,      0,   5174,   2412,   9608,   8311,  54295,  45599,  39030,  40991,     37,   2827,
