<<<<<<< HEAD
24.7,   2570,    258,      0,   2454,   2356,   8288,   8417,  38150,  41701,     97,  19523,      1,   2827,
24.7,   2570,    258,      0,   1928,   2356,   8060,   8417,  38150,  41701,     97,  19523,     13,   2827,
24.7,   2570,    258,      0,   1928,   2356,   8060,   8417,  38150,  41701,     97,  19523,     14,   2827,
24.7,   2570,    258,      0,   1910,   2356,   8055,   8419,  38150,  41701,     97,  19523,     15,   2827,
24.7,   2570,    258,      0,   1910,   2356,   8054,   8418,  38150,  41701,     97,  19523,     16,   2827,
24.7,   2570,    258,      0,   1910,   2357,   8053,   8413,  38150,  41701,     97,  19523,     17,   2827,
24.7,   2570,    258,      0,   1910,   2357,   8054,   8413,  38150,  41701,     97,  19523,     18,   2827,
24.7,   2570,    258,      0,   1899,   2359,   8049,   8411,  38150,  41701,     97,  19523,     19,   2827,
24.7,   2570,    258,      0,   1899,   2357,   8049,   8415,  38150,  41701,     97,  19523,     20,   2827,
24.7,   2570,    258,      0,   1899,   2356,   8051,   8416,  38150,  41701,     97,  19523,     21,   2827,
24.7,   2570,    258,      0,   1899,   2359,   8049,   8411,  38150,  41701,     97,  19523,     22,   2827,
24.7,   2570,    258,      0,   1899,   2359,   8051,   8410,  38150,  41701,     97,  19523,     23,   2827,
24.7,   2570,    258,      0,   1891,   2361,   8047,   8405,  38150,  41701,     97,  19523,     24,   2827,
24.7,   2570,    258,      0,   1891,   2361,   8047,   8407,  38150,  41701,     97,  19523,     25,   2827,
24.7,   2570,    258,      0,   1891,   2361,   8046,   8406,  38150,  41701,     97,  19523,     26,   2827,
24.7,   2570,    258,      0,   1891,   2361,   8044,   8404,  38150,  41701,     97,  19523,     27,   2827,
24.7,   2570,    258,      0,   1891,   2363,   8046,   8402,  38150,  41701,     97,  19523,     28,   2827,
24.7,   2570,    258,      0,   1882,   2361,   8041,   8405,  38150,  41701,     97,  19523,     29,   2827,
24.7,   2570,    258,      0,   1882,   2366,   8042,   8398,  38150,  41701,     97,  19523,     30,   2827,
24.7,   2570,    258,      0,   1891,   2366,   8045,   8397,  38150,  41701,     97,  19523,     31,   2827,
24.7,   2570,    258,      0,   1882,   2363,   8043,   8400,  38150,  41701,     97,  19523,     32,   2827,
24.7,   2570,    258,      0,   1882,   2366,   8041,   8398,  38150,  41701,     97,  19523,     33,   2827,
24.7,   2570,    258,      0,   1882,   2368,   8042,   8395,  38150,  41701,     97,  19523,     34,   2827,
24.7,   2570,    258,      0,   1882,   2368,   8043,   8393,  38150,  41701,     97,  19523,     35,   2827,
24.7,   2570,    258,      0,   1882,   2366,   8043,   8398,  38150,  41701,     97,  19523,     36,   2827,
24.7,   2570,    258,      0,   1871,   2369,   8039,   8391,  38150,  41701,     97,  19523,     37,   2827,
24.7,   2570,    258,      0,   1871,   2369,   8038,   8390,  38150,  41701,     97,  19523,     38,   2827,
=======
59.9,   2570,    258,      0,   3251,   2487,   8649,   8165,  38150,   8933,     97,  20035,      1,   2827,
59.9,   2570,    258,      0,   4866,   2497,   9446,   8144,  38150,   8933,     97,  20035,     15,   2827,
59.9,   2570,    258,      0,   4880,   2501,   9454,   8140,  38150,   8933,     97,  20035,     16,   2827,
59.9,   2570,    258,      0,   4896,   2502,   9460,   8138,  38150,   8933,     97,  20035,     17,   2827,
59.9,   2570,    258,      0,   4896,   2502,   9462,   8139,  38150,   8933,     97,  20035,     18,   2827,
59.9,   2570,    258,      0,   4880,   2504,   9453,   8135,  38150,   8933,     97,  20035,     19,   2827,
59.9,   2570,    258,      0,   4872,   2506,   9448,   8129,  38150,   8933,     97,  20035,     20,   2827,
59.9,   2570,    258,      0,   4858,   2506,   9442,   8128,  38150,   8933,     97,  20035,     21,   2827,
59.9,   2570,    258,      0,   4842,   2508,   9434,   8124,  38150,   8933,     97,  20035,     22,   2827,
59.9,   2570,    258,      0,   4827,   2511,   9424,   8123,  38150,   8933,     97,  20035,     23,   2827,
59.9,   2570,    258,      0,   4820,   2511,   9420,   8121,  38150,   8933,     97,  20035,     24,   2827,
59.9,   2570,    258,      0,   4820,   2513,   9422,   8119,  38150,   8933,     97,  20035,     25,   2827,
59.9,   2570,    258,      0,   4820,   2515,   9420,   8112,  38150,   8933,     97,  20035,     26,   2827,
59.9,   2570,    258,      0,   4812,   2516,   9417,   8110,  38150,   8933,     97,  20035,     27,   2827,
59.9,   2570,    258,      0,   4797,   2519,   9409,   8105,  38150,   8933,     97,  20035,     28,   2827,
59.9,   2570,    258,      0,   4781,   2522,   9402,   8103,  38150,   8933,     97,  20035,     29,   2827,
59.9,   2570,    258,      0,   4781,   2523,   9403,   8097,  38150,   8933,     97,  20035,     30,   2827,
59.9,   2570,    258,      0,   4789,   2525,   9407,   8093,  38150,   8933,     97,  20035,     31,   2827,
59.9,   2570,    258,      0,   4804,   2530,   9412,   8087,  38150,   8933,     97,  20035,     32,   2827,
59.9,   2570,    258,      0,   4812,   2530,   9416,   8085,  38150,   8933,     97,  20035,     33,   2827,
59.9,   2570,    258,      0,   4804,   2534,   9414,   8076,  38150,   8933,     97,  20035,     34,   2827,
59.9,   2570,    258,      0,   4804,   2536,   9413,   8075,  38150,   8933,     97,  20035,     35,   2827,
59.9,   2570,    258,      0,   4804,   2538,   9412,   8069,  38150,   8933,     97,  20035,     36,   2827,
59.9,   2570,    258,      0,   4804,   2540,   9414,   8066,  38150,   8933,     97,  20035,     37,   2827,
59.9,   2570,    258,      0,   4797,   2542,   9410,   8060,  38150,   8933,     97,  20035,     38,   2827,
59.9,   2570,    258,      0,   4797,   2549,   9410,   8048,  38150,   8933,     97,  20035,     39,   2827,
59.9,   2570,    258,      0,   4827,   2551,   9426,   8044,  38150,   8933,     97,  20035,     40,   2827,
>>>>>>> 452540c9efb0a1d9549ed013a5dea54903389b7d
