72.3,   2570,    258,      0,   2446,   2301,   8287,   8522,  10885,  11806,  51340,  32889,      1,   2827,
72.3,   2570,    258,      0,   6208,   2322,  10188,   8481,  10885,  11806,  51340,  32889,     11,   2827,
72.3,   2570,    258,      0,   6201,   2325,  10186,   8472,  10885,  11806,  51340,  32889,     12,   2827,
72.3,   2570,    258,      0,   6188,   2329,  10177,   8470,  10885,  11806,  51340,  32889,     13,   2827,
72.3,   2570,    258,      0,   6167,   2330,  10167,   8464,  10885,  11806,  51340,  32889,     14,   2827,
72.3,   2570,    258,      0,   6153,   2334,  10157,   8458,  10885,  11806,  51340,  32889,     15,   2827,
72.3,   2570,    258,      0,   6153,   2338,  10157,   8448,  10885,  11806,  51340,  32889,     16,   2827,
72.3,   2570,    258,      0,   6167,   2343,  10164,   8441,  10885,  11806,  51340,  32889,     17,   2827,
72.3,   2570,    258,      0,   6161,   2344,  10161,   8436,  10885,  11806,  51340,  32889,     18,   2827,
72.3,   2570,    258,      0,   6133,   2349,  10146,   8428,  10885,  11806,  51340,  32889,     19,   2827,
72.3,   2570,    258,      0,   6112,   2351,  10135,   8424,  10885,  11806,  51340,  32889,     20,   2827,
72.3,   2570,    258,      0,   6091,   2356,  10121,   8417,  10885,  11806,  51340,  32889,     21,   2827,
72.3,   2570,    258,      0,   6071,   2359,  10109,   8411,  10885,  11806,  51340,  32889,     22,   2827,
72.3,   2570,    258,      0,   6057,   2361,  10103,   8407,  10885,  11806,  51340,  32889,     23,   2827,
72.3,   2570,    258,      0,   6071,   2363,  10110,   8400,  10885,  11806,  51340,  32889,     24,   2827,
72.3,   2570,    258,      0,   6078,   2368,  10115,   8395,  10885,  11806,  51340,  32889,     25,   2827,
72.3,   2570,    258,      0,   6078,   2369,  10115,   8390,  10885,  11806,  51340,  32889,     26,   2827,
72.3,   2570,    258,      0,   6071,   2374,  10111,   8381,  10885,  11806,  51340,  32889,     27,   2827,
72.3,   2570,    258,      0,   6071,   2377,  10111,   8379,  10885,  11806,  51340,  32889,     28,   2827,
72.3,   2570,    258,      0,   6071,   2379,  10109,   8368,  10885,  11806,  51340,  32889,     29,   2827,
72.3,   2570,    258,      0,   6071,   2384,  10111,   8363,  10885,  11806,  51340,  32889,     30,   2827,
72.3,   2570,    258,      0,   6085,   2388,  10116,   8354,  10885,  11806,  51340,  32889,     31,   2827,
72.3,   2570,    258,      0,   6085,   2393,  10118,   8346,  10885,  11806,  51340,  32889,     32,   2827,
72.3,   2570,    258,      0,   6071,   2397,  10109,   8336,  10885,  11806,  51340,  32889,     33,   2827,
72.3,   2570,    258,      0,   6065,   2402,  10106,   8329,  10885,  11806,  51340,  32889,     34,   2827,
72.3,   2570,    258,      0,   6065,   2405,  10105,   8320,  10885,  11806,  51340,  32889,     35,   2827,
72.3,   2570,    258,      0,   6065,   2409,  10105,   8313,  10885,  11806,  51340,  32889,     36,   2827,
