71.6,   2570,    258,      0,   1899,   2412,   8048,   8309,  43686,   7204,   1283,  42157,      1,   2827,
71.6,   2570,    258,      0,   5883,   2430,  10002,   8272,  43686,   7204,   1283,  42157,     11,   2827,
71.6,   2570,    258,      0,   5862,   2434,   9989,   8266,  43686,   7204,   1283,  42157,     12,   2827,
71.6,   2570,    258,      0,   5841,   2437,   9978,   8263,  43686,   7204,   1283,  42157,     13,   2827,
71.6,   2570,    258,      0,   5826,   2439,   9971,   8257,  43686,   7204,   1283,  42157,     14,   2827,
71.6,   2570,    258,      0,   5833,   2441,   9973,   8254,  43686,   7204,   1283,  42157,     15,   2827,
71.6,   2570,    258,      0,   5841,   2442,   9976,   8248,  43686,   7204,   1283,  42157,     16,   2827,
71.6,   2570,    258,      0,   5826,   2448,   9969,   8243,  43686,   7204,   1283,  42157,     17,   2827,
71.6,   2570,    258,      0,   5820,   2449,   9964,   8238,  43686,   7204,   1283,  42157,     18,   2827,
71.6,   2570,    258,      0,   5805,   2452,   9957,   8234,  43686,   7204,   1283,  42157,     19,   2827,
71.6,   2570,    258,      0,   5784,   2453,   9944,   8229,  43686,   7204,   1283,  42157,     20,   2827,
71.6,   2570,    258,      0,   5755,   2457,   9931,   8220,  43686,   7204,   1283,  42157,     21,   2827,
71.6,   2570,    258,      0,   5735,   2460,   9919,   8216,  43686,   7204,   1283,  42157,     22,   2827,
71.6,   2570,    258,      0,   5742,   2464,   9920,   8208,  43686,   7204,   1283,  42157,     23,   2827,
71.6,   2570,    258,      0,   5742,   2467,   9922,   8204,  43686,   7204,   1283,  42157,     24,   2827,
71.6,   2570,    258,      0,   5749,   2472,   9925,   8195,  43686,   7204,   1283,  42157,     25,   2827,
71.6,   2570,    258,      0,   5742,   2472,   9921,   8193,  43686,   7204,   1283,  42157,     26,   2827,
71.6,   2570,    258,      0,   5755,   2478,   9928,   8182,  43686,   7204,   1283,  42157,     27,   2827,
71.6,   2570,    258,      0,   5770,   2481,   9937,   8177,  43686,   7204,   1283,  42157,     28,   2827,
71.6,   2570,    258,      0,   5755,   2485,   9929,   8168,  43686,   7204,   1283,  42157,     29,   2827,
71.6,   2570,    258,      0,   5763,   2487,   9933,   8164,  43686,   7204,   1283,  42157,     30,   2827,
71.6,   2570,    258,      0,   5755,   2492,   9929,   8157,  43686,   7204,   1283,  42157,     31,   2827,
71.6,   2570,    258,      0,   5720,   2495,   9909,   8150,  43686,   7204,   1283,  42157,     32,   2827,
71.6,   2570,    258,      0,   5720,   2497,   9908,   8144,  43686,   7204,   1283,  42157,     33,   2827,
71.6,   2570,    258,      0,   5755,   2504,   9930,   8133,  43686,   7204,   1283,  42157,     34,   2827,
71.6,   2570,    258,      0,   5755,   2511,   9930,   8121,  43686,   7204,   1283,  42157,     35,   2827,
71.6,   2570,    258,      0,   5742,   2513,   9921,   8118,  43686,   7204,   1283,  42157,     36,   2827,
71.6,   2570,    258,      0,   5735,   2516,   9919,   8108,  43686,   7204,   1283,  42157,     37,   2827,
2.6,   2570,    258,      0,   2003,   2287,   8095,   8549,  35814,   7204,   1287,  25773,      1,   2827,
2.6,   2570,    258,      0,    382,   2276,   7433,   8568,  35814,   7204,   1287,  25773,     10,   2827,
2.6,   2570,    258,      0,    382,   2272,   7432,   8576,  35814,   7204,   1287,  25773,     11,   2827,
2.6,   2570,    258,      0,    382,   2272,   7433,   8579,  35814,   7204,   1287,  25773,     12,   2827,
2.6,   2570,    258,      0,    361,   2269,   7427,   8581,  35814,   7204,   1287,  25773,     13,   2827,
2.6,   2570,    258,      0,    372,   2268,   7428,   8586,  35814,   7204,   1287,  25773,     14,   2827,
2.6,   2570,    258,      0,    372,   2266,   7430,   8589,  35814,   7204,   1287,  25773,     15,   2827,
2.6,   2570,    258,      0,    372,   2266,   7431,   8589,  35814,   7204,   1287,  25773,     16,   2827,
2.6,   2570,    258,      0,    382,   2263,   7432,   8594,  35814,   7204,   1287,  25773,     17,   2827,
2.6,   2570,    258,      0,    372,   2261,   7428,   8599,  35814,   7204,   1287,  25773,     18,   2827,
2.6,   2570,    258,      0,    382,   2260,   7435,   8602,  35814,   7204,   1287,  25773,     19,   2827,
2.6,   2570,    258,      0,    382,   2254,   7435,   8608,  35814,   7204,   1287,  25773,     20,   2827,
2.6,   2570,    258,      0,    392,   2254,   7439,   8610,  35814,   7204,   1287,  25773,     21,   2827,
2.6,   2570,    258,      0,    382,   2253,   7435,   8612,  35814,   7204,   1287,  25773,     22,   2827,
2.6,   2570,    258,      0,    392,   2251,   7439,   8616,  35814,   7204,   1287,  25773,     23,   2827,
2.6,   2570,    258,      0,    402,   2249,   7440,   8622,  35814,   7204,   1287,  25773,     24,   2827,
2.6,   2570,    258,      0,    392,   2249,   7439,   8623,  35814,   7204,   1287,  25773,     25,   2827,
2.6,   2570,    258,      0,    402,   2247,   7440,   8627,  35814,   7204,   1287,  25773,     26,   2827,
2.6,   2570,    258,      0,    402,   2245,   7442,   8631,  35814,   7204,   1287,  25773,     27,   2827,
2.6,   2570,    258,      0,    412,   2241,   7445,   8636,  35814,   7204,   1287,  25773,     28,   2827,
2.6,   2570,    258,      0,    412,   2238,   7446,   8640,  35814,   7204,   1287,  25773,     29,   2827,
2.6,   2570,    258,      0,    412,   2238,   7446,   8640,  35814,   7204,   1287,  25773,     30,   2827,
2.6,   2570,    258,      0,    412,   2236,   7446,   8645,  35814,   7204,   1287,  25773,     31,   2827,
2.6,   2570,    258,      0,    422,   2236,   7449,   8647,  35814,   7204,   1287,  25773,     32,   2827,
2.6,   2570,    258,      0,    422,   2230,   7450,   8657,  35814,   7204,   1287,  25773,     33,   2827,
2.6,   2570,    258,      0,    422,   2230,   7451,   8658,  35814,   7204,   1287,  25773,     34,   2827,
2.6,   2570,    258,      0,    434,   2228,   7453,   8663,  35814,   7204,   1287,  25773,     35,   2827,
35.8,   2570,    258,      0,   2077,   2280,   8126,   8562,  35750,   7204,   1283,  25773,      1,   2827,
35.8,   2570,    258,      0,   2929,   2285,   8503,   8555,  35750,   7204,   1283,  25773,     12,   2827,
35.8,   2570,    258,      0,   2938,   2287,   8505,   8550,  35750,   7204,   1283,  25773,     13,   2827,
35.8,   2570,    258,      0,   2929,   2287,   8503,   8549,  35750,   7204,   1283,  25773,     14,   2827,
35.8,   2570,    258,      0,   2929,   2288,   8503,   8546,  35750,   7204,   1283,  25773,     15,   2827,
35.8,   2570,    258,      0,   2938,   2288,   8505,   8545,  35750,   7204,   1283,  25773,     16,   2827,
35.8,   2570,    258,      0,   2920,   2288,   8498,   8545,  35750,   7204,   1283,  25773,     17,   2827,
35.8,   2570,    258,      0,   2920,   2290,   8497,   8541,  35750,   7204,   1283,  25773,     18,   2827,
35.8,   2570,    258,      0,   2911,   2290,   8493,   8541,  35750,   7204,   1283,  25773,     19,   2827,
35.8,   2570,    258,      0,   2903,   2288,   8491,   8545,  35750,   7204,   1283,  25773,     20,   2827,
35.8,   2570,    258,      0,   2911,   2293,   8493,   8538,  35750,   7204,   1283,  25773,     21,   2827,
35.8,   2570,    258,      0,   2903,   2293,   8488,   8539,  35750,   7204,   1283,  25773,     22,   2827,
35.8,   2570,    258,      0,   2903,   2290,   8488,   8542,  35750,   7204,   1283,  25773,     23,   2827,
35.8,   2570,    258,      0,   2911,   2295,   8492,   8534,  35750,   7204,   1283,  25773,     24,   2827,
35.8,   2570,    258,      0,   2903,   2295,   8490,   8533,  35750,   7204,   1283,  25773,     25,   2827,
35.8,   2570,    258,      0,   2911,   2297,   8495,   8531,  35750,   7204,   1283,  25773,     26,   2827,
35.8,   2570,    258,      0,   2920,   2297,   8496,   8531,  35750,   7204,   1283,  25773,     27,   2827,
35.8,   2570,    258,      0,   2903,   2295,   8491,   8533,  35750,   7204,   1283,  25773,     28,   2827,
35.8,   2570,    258,      0,   2903,   2298,   8490,   8526,  35750,   7204,   1283,  25773,     29,   2827,
35.8,   2570,    258,      0,   2894,   2298,   8485,   8524,  35750,   7204,   1283,  25773,     30,   2827,
35.8,   2570,    258,      0,   2903,   2301,   8489,   8523,  35750,   7204,   1283,  25773,     31,   2827,
35.8,   2570,    258,      0,   2894,   2298,   8487,   8527,  35750,   7204,   1283,  25773,     32,   2827,
35.8,   2570,    258,      0,   2894,   2301,   8486,   8520,  35750,   7204,   1283,  25773,     33,   2827,
35.8,   2570,    258,      0,   2894,   2301,   8487,   8520,  35750,   7204,   1283,  25773,     34,   2827,
35.8,   2570,    258,      0,   2894,   2304,   8487,   8518,  35750,   7204,   1283,  25773,     35,   2827,
35.8,   2570,    258,      0,   2894,   2305,   8485,   8515,  35750,   7204,   1283,  25773,     36,   2827,
35.8,   2570,    258,      0,   2903,   2305,   8490,   8512,  35750,   7204,   1283,  25773,     37,   2827,
