3.3,   2570,    258,      0,   2106,   2344,   8136,   8439,  28898,  39904,  16075,  22532,      1,   2827,
3.3,   2570,    258,      0,  64976,   2338,   7079,   8450,  28898,  39904,  16075,  22532,     11,   2827,
3.3,   2570,    258,      0,  64976,   2336,   7078,   8454,  28898,  39904,  16075,  22532,     12,   2827,
3.3,   2570,    258,      0,  64976,   2334,   7076,   8456,  28898,  39904,  16075,  22532,     13,   2827,
3.3,   2570,    258,      0,  64965,   2332,   7073,   8460,  28898,  39904,  16075,  22532,     14,   2827,
3.3,   2570,    258,      0,  64965,   2332,   7072,   8463,  28898,  39904,  16075,  22532,     15,   2827,
3.3,   2570,    258,      0,  64954,   2330,   7068,   8465,  28898,  39904,  16075,  22532,     16,   2827,
3.3,   2570,    258,      0,  64954,   2329,   7070,   8468,  28898,  39904,  16075,  22532,     17,   2827,
3.3,   2570,    258,      0,  64954,   2325,   7068,   8473,  28898,  39904,  16075,  22532,     18,   2827,
3.3,   2570,    258,      0,  64954,   2325,   7069,   8475,  28898,  39904,  16075,  22532,     19,   2827,
3.3,   2570,    258,      0,  64954,   2324,   7069,   8478,  28898,  39904,  16075,  22532,     20,   2827,
3.3,   2570,    258,      0,  64954,   2322,   7069,   8480,  28898,  39904,  16075,  22532,     21,   2827,
3.3,   2570,    258,      0,  64943,   2322,   7067,   8481,  28898,  39904,  16075,  22532,     22,   2827,
3.3,   2570,    258,      0,  64954,   2320,   7070,   8484,  28898,  39904,  16075,  22532,     23,   2827,
3.3,   2570,    258,      0,  64954,   2317,   7071,   8489,  28898,  39904,  16075,  22532,     24,   2827,
3.3,   2570,    258,      0,  64954,   2315,   7069,   8494,  28898,  39904,  16075,  22532,     25,   2827,
3.3,   2570,    258,      0,  64954,   2315,   7068,   8493,  28898,  39904,  16075,  22532,     26,   2827,
3.3,   2570,    258,      0,  64954,   2315,   7068,   8492,  28898,  39904,  16075,  22532,     27,   2827,
3.3,   2570,    258,      0,  64943,   2314,   7067,   8499,  28898,  39904,  16075,  22532,     28,   2827,
3.3,   2570,    258,      0,  64954,   2311,   7069,   8503,  28898,  39904,  16075,  22532,     29,   2827,
3.3,   2570,    258,      0,  64954,   2311,   7068,   8502,  28898,  39904,  16075,  22532,     30,   2827,
3.3,   2570,    258,      0,  64965,   2307,   7073,   8511,  28898,  39904,  16075,  22532,     31,   2827,
3.3,   2570,    258,      0,  64965,   2307,   7072,   8509,  28898,  39904,  16075,  22532,     32,   2827,
3.3,   2570,    258,      0,  64954,   2307,   7069,   8511,  28898,  39904,  16075,  22532,     33,   2827,
3.3,   2570,    258,      0,  64954,   2304,   7071,   8516,  28898,  39904,  16075,  22532,     34,   2827,
3.3,   2570,    258,      0,  64965,   2301,   7074,   8521,  28898,  39904,  16075,  22532,     35,   2827,
3.3,   2570,    258,      0,  64976,   2301,   7078,   8522,  28898,  39904,  16075,  22532,     36,   2827,
3.3,   2570,    258,      0,  64965,   2298,   7075,   8527,  28898,  39904,  16075,  22532,     37,   2827,
3.3,   2570,    258,      0,  65020,   2269,   7095,   8582,  28898,  39904,  16075,  22532,     55,   2827,
3.3,   2570,    258,      0,  65020,   2266,   7095,   8589,  28898,  39904,  16075,  22532,     56,   2827,
3.3,   2570,    258,      0,  65030,   2263,   7098,   8593,  28898,  39904,  16075,  22532,     57,   2827,
3.3,   2570,    258,      0,  65030,   2263,   7097,   8595,  28898,  39904,  16075,  22532,     58,   2827,
3.3,   2570,    258,      0,  65030,   2261,   7098,   8598,  28898,  39904,  16075,  22532,     59,   2827,
3.3,   2570,    258,      0,  65041,   2260,   7103,   8602,  28898,  39904,  16075,  22532,     60,   2827,
3.3,   2570,    258,      0,  65041,   2257,   7103,   8606,  28898,  39904,  16075,  22532,     61,   2827,
3.3,   2570,    258,      0,  65041,   2254,   7103,   8609,  28898,  39904,  16075,  22532,     62,   2827,
3.3,   2570,    258,      0,  65052,   2253,   7107,   8614,  28898,  39904,  16075,  22532,     63,   2827,
3.3,   2570,    258,      0,  65041,   2253,   7100,   8615,  28898,  39904,  16075,  22532,     64,   2827,
3.3,   2570,    258,      0,  65052,   2249,   7107,   8620,  28898,  39904,  16075,  22532,     65,   2827,
3.3,   2570,    258,      0,  65062,   2247,   7109,   8624,  28898,  39904,  16075,  22532,     66,   2827,
3.3,   2570,    258,      0,  65074,   2243,   7112,   8633,  28898,  39904,  16075,  22532,     67,   2827,
3.3,   2570,    258,      0,  65074,   2245,   7113,   8629,  28898,  39904,  16075,  22532,     68,   2827,
3.3,   2570,    258,      0,  65062,   2241,   7108,   8638,  28898,  39904,  16075,  22532,     69,   2827,
3.3,   2570,    258,      0,  65074,   2238,   7115,   8640,  28898,  39904,  16075,  22532,     70,   2827,
3.3,   2570,    258,      0,  65074,   2236,   7115,   8645,  28898,  39904,  16075,  22532,     71,   2827,
3.3,   2570,    258,      0,  65084,   2236,   7119,   8644,  28898,  39904,  16075,  22532,     72,   2827,
3.3,   2570,    258,      0,  65095,   2232,   7120,   8653,  28898,  39904,  16075,  22532,     73,   2827,
3.3,   2570,    258,      0,  65095,   2228,   7120,   8660,  28898,  39904,  16075,  22532,     74,   2827,
3.3,   2570,    258,      0,  65106,   2228,   7125,   8661,  28898,  39904,  16075,  22532,     75,   2827,
3.3,   2570,    258,      0,  65095,   2228,   7122,   8663,  28898,  39904,  16075,  22532,     76,   2827,
3.3,   2570,    258,      0,  65106,   2226,   7125,   8665,  28898,  39904,  16075,  22532,     77,   2827,
3.3,   2570,    258,      0,  65116,   2224,   7131,   8671,  28898,  39904,  16075,  22532,     78,   2827,
3.3,   2570,    258,      0,  65116,   2220,   7130,   8679,  28898,  39904,  16075,  22532,     79,   2827,
3.3,   2570,    258,      0,  65116,   2218,   7131,   8680,  28898,  39904,  16075,  22532,     80,   2827,
35.8,   2570,    258,      0,   1148,   2272,   7736,   8578,  28898,  39904,  16075,  22532,      1,   2827,
35.8,   2570,    258,      0,   2013,   2293,   8098,   8537,  28898,  39904,  16075,  22532,     53,   2827,
35.8,   2570,    258,      0,   2013,   2293,   8097,   8538,  28898,  39904,  16075,  22532,     54,   2827,
35.8,   2570,    258,      0,   2013,   2293,   8096,   8539,  28898,  39904,  16075,  22532,     55,   2827,
35.8,   2570,    258,      0,   2003,   2297,   8092,   8531,  28898,  39904,  16075,  22532,     56,   2827,
35.8,   2570,    258,      0,   1994,   2297,   8091,   8531,  28898,  39904,  16075,  22532,     57,   2827,
35.8,   2570,    258,      0,   1994,   2297,   8091,   8528,  28898,  39904,  16075,  22532,     58,   2827,
35.8,   2570,    258,      0,   2003,   2297,   8094,   8529,  28898,  39904,  16075,  22532,     59,   2827,
35.8,   2570,    258,      0,   1994,   2298,   8091,   8526,  28898,  39904,  16075,  22532,     60,   2827,
35.8,   2570,    258,      0,   1994,   2298,   8091,   8526,  28898,  39904,  16075,  22532,     61,   2827,
35.8,   2570,    258,      0,   1994,   2298,   8090,   8524,  28898,  39904,  16075,  22532,     62,   2827,
35.8,   2570,    258,      0,   1994,   2301,   8088,   8522,  28898,  39904,  16075,  22532,     63,   2827,
35.8,   2570,    258,      0,   1985,   2301,   8084,   8521,  28898,  39904,  16075,  22532,     64,   2827,
35.8,   2570,    258,      0,   1985,   2304,   8086,   8519,  28898,  39904,  16075,  22532,     65,   2827,
35.8,   2570,    258,      0,   1985,   2301,   8085,   8520,  28898,  39904,  16075,  22532,     66,   2827,
35.8,   2570,    258,      0,   1985,   2305,   8084,   8514,  28898,  39904,  16075,  22532,     67,   2827,
35.8,   2570,    258,      0,   1994,   2305,   8088,   8514,  28898,  39904,  16075,  22532,     68,   2827,
35.8,   2570,    258,      0,   1975,   2305,   8083,   8514,  28898,  39904,  16075,  22532,     69,   2827,
35.8,   2570,    258,      0,   1985,   2305,   8084,   8513,  28898,  39904,  16075,  22532,     70,   2827,
35.8,   2570,    258,      0,   1994,   2308,   8089,   8507,  28898,  39904,  16075,  22532,     71,   2827,
35.8,   2570,    258,      0,   1985,   2307,   8085,   8508,  28898,  39904,  16075,  22532,     72,   2827,
35.8,   2570,    258,      0,   1985,   2308,   8086,   8505,  28898,  39904,  16075,  22532,     73,   2827,
35.8,   2570,    258,      0,   1985,   2311,   8085,   8501,  28898,  39904,  16075,  22532,     74,   2827,
35.8,   2570,    258,      0,   1975,   2311,   8082,   8502,  28898,  39904,  16075,  22532,     75,   2827,
35.8,   2570,    258,      0,   1975,   2314,   8083,   8498,  28898,  39904,  16075,  22532,     76,   2827,
35.8,   2570,    258,      0,   1966,   2314,   8078,   8498,  28898,  39904,  16075,  22532,     77,   2827,
35.8,   2570,    258,      0,   1966,   2314,   8079,   8497,  28898,  39904,  16075,  22532,     78,   2827,
35.8,   2570,    258,      0,   1957,   2315,   8074,   8493,  28898,  39904,  16075,  22532,     79,   2827,
70.5,   2570,    258,      0,   1217,   2281,   7767,   8556,  28898,  39904,  16075,  22532,      1,   2827,
70.5,   2570,    258,      0,   5069,   2317,   9553,   8490,  28898,  39904,  16075,  22532,     25,   2827,
70.5,   2570,    258,      0,   5040,   2320,   9539,   8484,  28898,  39904,  16075,  22532,     26,   2827,
70.5,   2570,    258,      0,   5003,   2324,   9518,   8478,  28898,  39904,  16075,  22532,     27,   2827,
70.5,   2570,    258,      0,   4994,   2330,   9515,   8466,  28898,  39904,  16075,  22532,     28,   2827,
70.5,   2570,    258,      0,   4994,   2332,   9512,   8463,  28898,  39904,  16075,  22532,     29,   2827,
70.5,   2570,    258,      0,   4987,   2334,   9511,   8458,  28898,  39904,  16075,  22532,     30,   2827,
70.5,   2570,    258,      0,   4980,   2338,   9507,   8448,  28898,  39904,  16075,  22532,     31,   2827,
70.5,   2570,    258,      0,   4964,   2340,   9498,   8445,  28898,  39904,  16075,  22532,     32,   2827,
70.5,   2570,    258,      0,   4941,   2344,   9486,   8437,  28898,  39904,  16075,  22532,     33,   2827,
70.5,   2570,    258,      0,   4919,   2349,   9473,   8431,  28898,  39904,  16075,  22532,     34,   2827,
70.5,   2570,    258,      0,   4904,   2349,   9464,   8429,  28898,  39904,  16075,  22532,     35,   2827,
70.5,   2570,    258,      0,   4888,   2352,   9456,   8422,  28898,  39904,  16075,  22532,     36,   2827,
70.5,   2570,    258,      0,   4872,   2357,   9450,   8412,  28898,  39904,  16075,  22532,     37,   2827,
70.5,   2570,    258,      0,   4858,   2359,   9442,   8411,  28898,  39904,  16075,  22532,     38,   2827,
70.5,   2570,    258,      0,   4858,   2359,   9441,   8408,  28898,  39904,  16075,  22532,     39,   2827,
70.5,   2570,    258,      0,   4835,   2366,   9431,   8398,  28898,  39904,  16075,  22532,     40,   2827,
70.5,   2570,    258,      0,   4850,   2366,   9438,   8396,  28898,  39904,  16075,  22532,     41,   2827,
70.5,   2570,    258,      0,   4880,   2372,   9452,   8384,  28898,  39904,  16075,  22532,     42,   2827,
70.5,   2570,    258,      0,   4872,   2374,   9451,   8380,  28898,  39904,  16075,  22532,     43,   2827,
70.5,   2570,    258,      0,   4872,   2378,   9449,   8374,  28898,  39904,  16075,  22532,     44,   2827,
70.5,   2570,    258,      0,   4896,   2383,   9462,   8365,  28898,  39904,  16075,  22532,     45,   2827,
70.5,   2570,    258,      0,   4926,   2387,   9476,   8357,  28898,  39904,  16075,  22532,     46,   2827,
70.5,   2570,    258,      0,   4896,   2390,   9462,   8350,  28898,  39904,  16075,  22532,     47,   2827,
70.5,   2570,    258,      0,   4872,   2395,   9449,   8341,  28898,  39904,  16075,  22532,     48,   2827,
70.5,   2570,    258,      0,   4842,   2398,   9435,   8335,  28898,  39904,  16075,  22532,     49,   2827,
70.5,   2570,    258,      0,   4842,   2403,   9432,   8327,  28898,  39904,  16075,  22532,     50,   2827,
