70.7,   2570,    258,      0,   3276,   2439,   8660,   8259,  13590,  27550,  56318,  39501,      1,   2827,
70.7,   2570,    258,      0,   6491,   2464,  10359,   8211,  13590,  27550,  56318,  39501,     10,   2827,
70.7,   2570,    258,      0,   6484,   2467,  10354,   8205,  13590,  27550,  56318,  39501,     11,   2827,
70.7,   2570,    258,      0,   6472,   2468,  10347,   8200,  13590,  27550,  56318,  39501,     12,   2827,
70.7,   2570,    258,      0,   6458,   2470,  10339,   8199,  13590,  27550,  56318,  39501,     13,   2827,
70.7,   2570,    258,      0,   6464,   2472,  10342,   8195,  13590,  27550,  56318,  39501,     14,   2827,
70.7,   2570,    258,      0,   6464,   2475,  10342,   8190,  13590,  27550,  56318,  39501,     15,   2827,
70.7,   2570,    258,      0,   6464,   2478,  10342,   8182,  13590,  27550,  56318,  39501,     16,   2827,
70.7,   2570,    258,      0,   6472,   2481,  10347,   8177,  13590,  27550,  56318,  39501,     17,   2827,
70.7,   2570,    258,      0,   6484,   2485,  10354,   8169,  13590,  27550,  56318,  39501,     18,   2827,
70.7,   2570,    258,      0,   6478,   2492,  10348,   8159,  13590,  27550,  56318,  39501,     19,   2827,
70.7,   2570,    258,      0,   6491,   2492,  10359,   8157,  13590,  27550,  56318,  39501,     20,   2827,
70.7,   2570,    258,      0,   6511,   2497,  10369,   8147,  13590,  27550,  56318,  39501,     21,   2827,
70.7,   2570,    258,      0,   6497,   2502,  10361,   8137,  13590,  27550,  56318,  39501,     22,   2827,
70.7,   2570,    258,      0,   6478,   2502,  10351,   8136,  13590,  27550,  56318,  39501,     23,   2827,
70.7,   2570,    258,      0,   6478,   2506,  10348,   8131,  13590,  27550,  56318,  39501,     24,   2827,
70.7,   2570,    258,      0,   6478,   2508,  10348,   8127,  13590,  27550,  56318,  39501,     25,   2827,
70.7,   2570,    258,      0,   6478,   2513,  10350,   8117,  13590,  27550,  56318,  39501,     26,   2827,
70.7,   2570,    258,      0,   6478,   2522,  10348,   8103,  13590,  27550,  56318,  39501,     27,   2827,
70.7,   2570,    258,      0,   6484,   2523,  10353,   8097,  13590,  27550,  56318,  39501,     28,   2827,
70.7,   2570,    258,      0,   6472,   2525,  10347,   8094,  13590,  27550,  56318,  39501,     29,   2827,
70.7,   2570,    258,      0,   6478,   2530,  10351,   8084,  13590,  27550,  56318,  39501,     30,   2827,
70.7,   2570,    258,      0,   6464,   2534,  10340,   8079,  13590,  27550,  56318,  39501,     31,   2827,
70.7,   2570,    258,      0,   6464,   2538,  10341,   8069,  13590,  27550,  56318,  39501,     32,   2827,
70.7,   2570,    258,      0,   6458,   2542,  10339,   8062,  13590,  27550,  56318,  39501,     33,   2827,
70.7,   2570,    258,      0,   6451,   2547,  10332,   8053,  13590,  27550,  56318,  39501,     34,   2827,
70.7,   2570,    258,      0,   6438,   2551,  10326,   8046,  13590,  27550,  56318,  39501,     35,   2827,
1.7,   2570,    258,      0,   3095,   2210,   8578,   8696,  13590,  27166,  56190,  39501,      1,   2827,
1.7,   2570,    258,      0,   1701,   2193,   7965,   8728,  13590,  27166,  56190,  39501,     11,   2827,
1.7,   2570,    258,      0,   1711,   2193,   7969,   8729,  13590,  27166,  56190,  39501,     12,   2827,
1.7,   2570,    258,      0,   1701,   2191,   7967,   8734,  13590,  27166,  56190,  39501,     13,   2827,
1.7,   2570,    258,      0,   1701,   2189,   7967,   8738,  13590,  27166,  56190,  39501,     14,   2827,
1.7,   2570,    258,      0,   1701,   2187,   7967,   8741,  13590,  27166,  56190,  39501,     15,   2827,
1.7,   2570,    258,      0,   1711,   2185,   7969,   8746,  13590,  27166,  56190,  39501,     16,   2827,
1.7,   2570,    258,      0,   1711,   2183,   7968,   8750,  13590,  27166,  56190,  39501,     17,   2827,
1.7,   2570,    258,      0,   1711,   2179,   7971,   8756,  13590,  27166,  56190,  39501,     18,   2827,
1.7,   2570,    258,      0,   1730,   2179,   7977,   8759,  13590,  27166,  56190,  39501,     19,   2827,
1.7,   2570,    258,      0,   1730,   2179,   7976,   8757,  13590,  27166,  56190,  39501,     20,   2827,
1.7,   2570,    258,      0,   1730,   2172,   7977,   8768,  13590,  27166,  56190,  39501,     21,   2827,
1.7,   2570,    258,      0,   1719,   2172,   7975,   8769,  13590,  27166,  56190,  39501,     22,   2827,
1.7,   2570,    258,      0,   1719,   2170,   7974,   8775,  13590,  27166,  56190,  39501,     23,   2827,
1.7,   2570,    258,      0,   1740,   2165,   7981,   8781,  13590,  27166,  56190,  39501,     24,   2827,
1.7,   2570,    258,      0,   1740,   2165,   7981,   8783,  13590,  27166,  56190,  39501,     25,   2827,
1.7,   2570,    258,      0,   1740,   2164,   7981,   8787,  13590,  27166,  56190,  39501,     26,   2827,
1.7,   2570,    258,      0,   1740,   2162,   7981,   8790,  13590,  27166,  56190,  39501,     27,   2827,
1.7,   2570,    258,      0,   1740,   2160,   7983,   8793,  13590,  27166,  56190,  39501,     28,   2827,
1.7,   2570,    258,      0,   1748,   2158,   7984,   8799,  13590,  27166,  56190,  39501,     29,   2827,
1.7,   2570,    258,      0,   1748,   2158,   7986,   8798,  13590,  27166,  56190,  39501,     30,   2827,
1.7,   2570,    258,      0,   1748,   2154,   7987,   8806,  13590,  27166,  56190,  39501,     31,   2827,
1.7,   2570,    258,      0,   1759,   2152,   7988,   8808,  13590,  27166,  56190,  39501,     32,   2827,
1.7,   2570,    258,      0,   1748,   2150,   7987,   8812,  13590,  27166,  56190,  39501,     33,   2827,
1.7,   2570,    258,      0,   1748,   2145,   7987,   8820,  13590,  27166,  56190,  39501,     34,   2827,
1.7,   2570,    258,      0,   1759,   2145,   7989,   8821,  13590,  27166,  56190,  39501,     35,   2827,
36,   2570,    258,      0,   3320,   2230,   8681,   8658,  13590,  27294,  39935,  39501,      1,   2827,
36,   2570,    258,      0,   4045,   2238,   9029,   8643,  13590,  27294,  39935,  39501,     11,   2827,
36,   2570,    258,      0,   4038,   2238,   9024,   8643,  13590,  27294,  39935,  39501,     12,   2827,
36,   2570,    258,      0,   4038,   2238,   9024,   8642,  13590,  27294,  39935,  39501,     13,   2827,
36,   2570,    258,      0,   4038,   2241,   9026,   8638,  13590,  27294,  39935,  39501,     14,   2827,
36,   2570,    258,      0,   4038,   2241,   9025,   8636,  13590,  27294,  39935,  39501,     15,   2827,
36,   2570,    258,      0,   4029,   2241,   9022,   8636,  13590,  27294,  39935,  39501,     16,   2827,
36,   2570,    258,      0,   4022,   2241,   9017,   8638,  13590,  27294,  39935,  39501,     17,   2827,
36,   2570,    258,      0,   4022,   2243,   9018,   8634,  13590,  27294,  39935,  39501,     18,   2827,
36,   2570,    258,      0,   4014,   2243,   9013,   8633,  13590,  27294,  39935,  39501,     19,   2827,
36,   2570,    258,      0,   4022,   2245,   9016,   8631,  13590,  27294,  39935,  39501,     20,   2827,
36,   2570,    258,      0,   4005,   2243,   9010,   8632,  13590,  27294,  39935,  39501,     21,   2827,
36,   2570,    258,      0,   4005,   2247,   9009,   8626,  13590,  27294,  39935,  39501,     22,   2827,
36,   2570,    258,      0,   4005,   2247,   9008,   8626,  13590,  27294,  39935,  39501,     23,   2827,
36,   2570,    258,      0,   3998,   2249,   9007,   8622,  13590,  27294,  39935,  39501,     24,   2827,
36,   2570,    258,      0,   4005,   2249,   9010,   8621,  13590,  27294,  39935,  39501,     25,   2827,
36,   2570,    258,      0,   3998,   2251,   9007,   8618,  13590,  27294,  39935,  39501,     26,   2827,
36,   2570,    258,      0,   4014,   2249,   9015,   8621,  13590,  27294,  39935,  39501,     27,   2827,
36,   2570,    258,      0,   4014,   2251,   9015,   8619,  13590,  27294,  39935,  39501,     28,   2827,
36,   2570,    258,      0,   4022,   2253,   9018,   8613,  13590,  27294,  39935,  39501,     29,   2827,
36,   2570,    258,      0,   4022,   2253,   9017,   8613,  13590,  27294,  39935,  39501,     30,   2827,
36,   2570,    258,      0,   4005,   2254,   9010,   8609,  13590,  27294,  39935,  39501,     31,   2827,
36,   2570,    258,      0,   4005,   2254,   9009,   8610,  13590,  27294,  39935,  39501,     32,   2827,
36,   2570,    258,      0,   3989,   2257,   9003,   8607,  13590,  27294,  39935,  39501,     33,   2827,
36,   2570,    258,      0,   4005,   2257,   9008,   8604,  13590,  27294,  39935,  39501,     34,   2827,
36,   2570,    258,      0,   4005,   2261,   9009,   8599,  13590,  27294,  39935,  39501,     35,   2827,
36,   2570,    258,      0,   4005,   2261,   9008,   8597,  13590,  27294,  39935,  39501,     36,   2827,
