2.7,   2570,    258,      0,   2244,   2334,   8197,   8459,   1980,  31786,  19591,  24618,      1,   2827,
2.7,   2570,    258,      0,     48,   2305,   7305,   8512,   1980,  31786,  19591,  24618,      8,   2827,
2.7,   2570,    258,      0,      7,   2304,   7291,   8518,   1980,  31786,  19591,  24618,      9,   2827,
2.7,   2570,    258,      0,  65532,   2301,   7287,   8523,   1980,  31786,  19591,  24618,     10,   2827,
2.7,   2570,    258,      0,  65521,   2297,   7280,   8529,   1980,  31786,  19591,  24618,     11,   2827,
2.7,   2570,    258,      0,  65512,   2295,   7277,   8535,   1980,  31786,  19591,  24618,     12,   2827,
2.7,   2570,    258,      0,  65500,   2290,   7272,   8540,   1980,  31786,  19591,  24618,     13,   2827,
2.7,   2570,    258,      0,  65500,   2287,   7272,   8548,   1980,  31786,  19591,  24618,     14,   2827,
2.7,   2570,    258,      0,  65490,   2281,   7270,   8556,   1980,  31786,  19591,  24618,     15,   2827,
2.7,   2570,    258,      0,  65480,   2281,   7267,   8557,   1980,  31786,  19591,  24618,     16,   2827,
2.7,   2570,    258,      0,  65480,   2278,   7264,   8567,   1980,  31786,  19591,  24618,     17,   2827,
2.7,   2570,    258,      0,  65459,   2275,   7259,   8572,   1980,  31786,  19591,  24618,     18,   2827,
2.7,   2570,    258,      0,  65459,   2272,   7258,   8579,   1980,  31786,  19591,  24618,     19,   2827,
2.7,   2570,    258,      0,  65459,   2269,   7258,   8582,   1980,  31786,  19591,  24618,     20,   2827,
2.7,   2570,    258,      0,  65459,   2266,   7257,   8589,   1980,  31786,  19591,  24618,     21,   2827,
2.7,   2570,    258,      0,  65459,   2263,   7256,   8593,   1980,  31786,  19591,  24618,     22,   2827,
2.7,   2570,    258,      0,  65437,   2261,   7251,   8597,   1980,  31786,  19591,  24618,     23,   2827,
2.7,   2570,    258,      0,  65437,   2260,   7251,   8602,   1980,  31786,  19591,  24618,     24,   2827,
2.7,   2570,    258,      0,  65427,   2260,   7247,   8601,   1980,  31786,  19591,  24618,     25,   2827,
2.7,   2570,    258,      0,  65437,   2254,   7248,   8609,   1980,  31786,  19591,  24618,     26,   2827,
2.7,   2570,    258,      0,  65437,   2253,   7248,   8613,   1980,  31786,  19591,  24618,     27,   2827,
2.7,   2570,    258,      0,  65437,   2251,   7250,   8619,   1980,  31786,  19591,  24618,     28,   2827,
2.7,   2570,    258,      0,  65427,   2249,   7244,   8623,   1980,  31786,  19591,  24618,     29,   2827,
2.7,   2570,    258,      0,  65427,   2247,   7247,   8627,   1980,  31786,  19591,  24618,     30,   2827,
2.7,   2570,    258,      0,  65427,   2245,   7247,   8630,   1980,  31786,  19591,  24618,     31,   2827,
2.7,   2570,    258,      0,  65437,   2243,   7248,   8633,   1980,  31786,  19591,  24618,     32,   2827,
2.7,   2570,    258,      0,  65427,   2238,   7244,   8640,   1980,  31786,  19591,  24618,     33,   2827,
64.9,   2570,    258,      0,   3907,   2368,   8963,   8392,  14268,  64554,  19591,  57386,      1,   2827,
64.9,   2570,    258,      0,   4548,   2422,   9280,   8289,  14268,  64554,  19591,  57386,     15,   2827,
64.9,   2570,    258,      0,   4532,   2424,   9272,   8285,  14268,  64554,  19591,  57386,     16,   2827,
64.9,   2570,    258,      0,   4517,   2429,   9266,   8277,  14268,  64554,  19591,  57386,     17,   2827,
64.9,   2570,    258,      0,   4509,   2430,   9261,   8273,  14268,  64554,  19591,  57386,     18,   2827,
64.9,   2570,    258,      0,   4517,   2434,   9266,   8265,  14268,  64554,  19591,  57386,     19,   2827,
64.9,   2570,    258,      0,   4509,   2437,   9261,   8261,  14268,  64554,  19591,  57386,     20,   2827,
64.9,   2570,    258,      0,   4509,   2441,   9263,   8254,  14268,  64554,  19591,  57386,     21,   2827,
64.9,   2570,    258,      0,   4541,   2445,   9277,   8247,  14268,  64554,  19591,  57386,     22,   2827,
64.9,   2570,    258,      0,   4509,   2448,   9262,   8241,  14268,  64554,  19591,  57386,     23,   2827,
64.9,   2570,    258,      0,   4469,   2449,   9242,   8236,  14268,  64554,  19591,  57386,     24,   2827,
64.9,   2570,    258,      0,   4469,   2453,   9240,   8230,  14268,  64554,  19591,  57386,     25,   2827,
64.9,   2570,    258,      0,   4454,   2457,   9233,   8223,  14268,  64554,  19591,  57386,     26,   2827,
64.9,   2570,    258,      0,   4454,   2462,   9232,   8215,  14268,  64554,  19591,  57386,     27,   2827,
64.9,   2570,    258,      0,   4431,   2467,   9221,   8207,  14268,  64554,  19591,  57386,     28,   2827,
64.9,   2570,    258,      0,   4422,   2468,   9218,   8200,  14268,  64554,  19591,  57386,     29,   2827,
64.9,   2570,    258,      0,   4415,   2472,   9213,   8195,  14268,  64554,  19591,  57386,     30,   2827,
64.9,   2570,    258,      0,   4415,   2472,   9215,   8192,  14268,  64554,  19591,  57386,     31,   2827,
64.9,   2570,    258,      0,   4408,   2477,   9211,   8186,  14268,  64554,  19591,  57386,     32,   2827,
64.9,   2570,    258,      0,   4392,   2481,   9200,   8177,  14268,  64554,  19591,  57386,     33,   2827,
64.9,   2570,    258,      0,   4375,   2484,   9194,   8172,  14268,  64554,  19591,  57386,     34,   2827,
64.9,   2570,    258,      0,   4367,   2487,   9191,   8164,  14268,  64554,  19591,  57386,     35,   2827,
64.9,   2570,    258,      0,   4375,   2492,   9194,   8159,  14268,  64554,  19591,  57386,     36,   2827,
64.9,   2570,    258,      0,   4367,   2495,   9191,   8151,  14268,  64554,  19591,  57386,     37,   2827,
64.9,   2570,    258,      0,   4375,   2497,   9192,   8144,  14268,  64554,  19591,  57386,     38,   2827,
64.9,   2570,    258,      0,   4375,   2502,   9192,   8137,  14268,  64554,  19591,  57386,     39,   2827,
64.9,   2570,    258,      0,   4367,   2506,   9188,   8130,  14268,  64554,  19591,  57386,     40,   2827,
34.8,   2570,    258,      0,   3371,   2387,   8704,   8358,   6076,  64554,  19591,  24618,      1,   2827,
34.8,   2570,    258,      0,   2263,   2390,   8205,   8351,   6076,  64554,  19591,  24618,      9,   2827,
34.8,   2570,    258,      0,   2253,   2388,   8203,   8354,   6076,  64554,  19591,  24618,     10,   2827,
34.8,   2570,    258,      0,   2236,   2390,   8195,   8351,   6076,  64554,  19591,  24618,     11,   2827,
34.8,   2570,    258,      0,   2236,   2387,   8192,   8356,   6076,  64554,  19591,  24618,     12,   2827,
34.8,   2570,    258,      0,   2227,   2388,   8189,   8352,   6076,  64554,  19591,  24618,     13,   2827,
34.8,   2570,    258,      0,   2218,   2388,   8187,   8352,   6076,  64554,  19591,  24618,     14,   2827,
34.8,   2570,    258,      0,   2208,   2390,   8182,   8350,   6076,  64554,  19591,  24618,     15,   2827,
34.8,   2570,    258,      0,   2199,   2388,   8179,   8352,   6076,  64554,  19591,  24618,     16,   2827,
34.8,   2570,    258,      0,   2190,   2388,   8175,   8353,   6076,  64554,  19591,  24618,     17,   2827,
34.8,   2570,    258,      0,   2180,   2390,   8171,   8350,   6076,  64554,  19591,  24618,     18,   2827,
34.8,   2570,    258,      0,   2162,   2388,   8161,   8352,   6076,  64554,  19591,  24618,     19,   2827,
34.8,   2570,    258,      0,   2152,   2388,   8159,   8352,   6076,  64554,  19591,  24618,     20,   2827,
34.8,   2570,    258,      0,   2143,   2393,   8155,   8346,   6076,  64554,  19591,  24618,     21,   2827,
34.8,   2570,    258,      0,   2133,   2390,   8150,   8348,   6076,  64554,  19591,  24618,     22,   2827,
34.8,   2570,    258,      0,   2133,   2393,   8149,   8347,   6076,  64554,  19591,  24618,     23,   2827,
34.8,   2570,    258,      0,   2124,   2390,   8146,   8350,   6076,  64554,  19591,  24618,     24,   2827,
34.8,   2570,    258,      0,   2124,   2393,   8146,   8345,   6076,  64554,  19591,  24618,     25,   2827,
34.8,   2570,    258,      0,   2115,   2390,   8141,   8350,   6076,  64554,  19591,  24618,     26,   2827,
34.8,   2570,    258,      0,   2115,   2395,   8140,   8342,   6076,  64554,  19591,  24618,     27,   2827,
34.8,   2570,    258,      0,   2097,   2395,   8135,   8342,   6076,  64554,  19591,  24618,     28,   2827,
34.8,   2570,    258,      0,   2106,   2393,   8139,   8344,   6076,  64554,  19591,  24618,     29,   2827,
34.8,   2570,    258,      0,   2106,   2395,   8138,   8340,   6076,  64554,  19591,  24618,     30,   2827,
34.8,   2570,    258,      0,   2106,   2397,   8136,   8339,   6076,  64554,  19591,  24618,     31,   2827,
34.8,   2570,    258,      0,   2097,   2395,   8133,   8342,   6076,  64554,  19591,  24618,     32,   2827,
34.8,   2570,    258,      0,   2088,   2397,   8131,   8336,   6076,  64554,  19591,  24618,     33,   2827,
34.8,   2570,    258,      0,   2088,   2397,   8131,   8338,   6076,  64554,  19591,  24618,     34,   2827,
